#
# File Name
#

System.CurrrentDirectory         ./    # default=./
System.Name                      Si1280-LNO
level.of.stdout                   1    # default=1 (1-3)
level.of.fileout                  0    # default=1 (0-2)
DATA.PATH         ../DFT_DATA19

#
# Definition of Atomic Species
#

Species.Number       1
<Definition.of.Atomic.Species
   Si    Si7.0-s2p2d1   Si_PBE19
Definition.of.Atomic.Species>

<LNOs.Num
  Si 4
LNOs.Num>


#
# Atoms
#

Atoms.Number         1280
Atoms.SpeciesAndCoordinates.Unit   Ang # Ang|AU
<Atoms.SpeciesAndCoordinates           
    1  Si   0.000000000000  0.000000000000  0.000000000000   2.0 2.0
    2  Si   0.000000000000  2.715000000000  2.715000000000   2.0 2.0
    3  Si   2.715000000000  0.000000000000  2.715000000000   2.0 2.0
    4  Si   2.715000000000  2.715000000000  0.000000000000   2.0 2.0
    5  Si   1.357500000000  1.357500000000  1.357500000000   2.0 2.0
    6  Si   1.357500000000  4.072500000000  4.072500000000   2.0 2.0
    7  Si   4.072500000000  1.357500000000  4.072500000000   2.0 2.0
    8  Si   4.072500000000  4.072500000000  1.357500000000   2.0 2.0
    9  Si   0.000000000000  0.000000000000  5.430000000000   2.0 2.0
   10  Si   0.000000000000  2.715000000000  8.145000000000   2.0 2.0
   11  Si   2.715000000000  0.000000000000  8.145000000000   2.0 2.0
   12  Si   2.715000000000  2.715000000000  5.430000000000   2.0 2.0
   13  Si   1.357500000000  1.357500000000  6.787500000000   2.0 2.0
   14  Si   1.357500000000  4.072500000000  9.502500000000   2.0 2.0
   15  Si   4.072500000000  1.357500000000  9.502500000000   2.0 2.0
   16  Si   4.072500000000  4.072500000000  6.787500000000   2.0 2.0
   17  Si   0.000000000000  0.000000000000 10.860000000000   2.0 2.0
   18  Si   0.000000000000  2.715000000000 13.575000000000   2.0 2.0
   19  Si   2.715000000000  0.000000000000 13.575000000000   2.0 2.0
   20  Si   2.715000000000  2.715000000000 10.860000000000   2.0 2.0
   21  Si   1.357500000000  1.357500000000 12.217500000000   2.0 2.0
   22  Si   1.357500000000  4.072500000000 14.932500000000   2.0 2.0
   23  Si   4.072500000000  1.357500000000 14.932500000000   2.0 2.0
   24  Si   4.072500000000  4.072500000000 12.217500000000   2.0 2.0
   25  Si   0.000000000000  0.000000000000 16.290000000000   2.0 2.0
   26  Si   0.000000000000  2.715000000000 19.005000000000   2.0 2.0
   27  Si   2.715000000000  0.000000000000 19.005000000000   2.0 2.0
   28  Si   2.715000000000  2.715000000000 16.290000000000   2.0 2.0
   29  Si   1.357500000000  1.357500000000 17.647500000000   2.0 2.0
   30  Si   1.357500000000  4.072500000000 20.362500000000   2.0 2.0
   31  Si   4.072500000000  1.357500000000 20.362500000000   2.0 2.0
   32  Si   4.072500000000  4.072500000000 17.647500000000   2.0 2.0
   33  Si   0.000000000000  5.430000000000  0.000000000000   2.0 2.0
   34  Si   0.000000000000  8.145000000000  2.715000000000   2.0 2.0
   35  Si   2.715000000000  5.430000000000  2.715000000000   2.0 2.0
   36  Si   2.715000000000  8.145000000000  0.000000000000   2.0 2.0
   37  Si   1.357500000000  6.787500000000  1.357500000000   2.0 2.0
   38  Si   1.357500000000  9.502500000000  4.072500000000   2.0 2.0
   39  Si   4.072500000000  6.787500000000  4.072500000000   2.0 2.0
   40  Si   4.072500000000  9.502500000000  1.357500000000   2.0 2.0
   41  Si   0.000000000000  5.430000000000  5.430000000000   2.0 2.0
   42  Si   0.000000000000  8.145000000000  8.145000000000   2.0 2.0
   43  Si   2.715000000000  5.430000000000  8.145000000000   2.0 2.0
   44  Si   2.715000000000  8.145000000000  5.430000000000   2.0 2.0
   45  Si   1.357500000000  6.787500000000  6.787500000000   2.0 2.0
   46  Si   1.357500000000  9.502500000000  9.502500000000   2.0 2.0
   47  Si   4.072500000000  6.787500000000  9.502500000000   2.0 2.0
   48  Si   4.072500000000  9.502500000000  6.787500000000   2.0 2.0
   49  Si   0.000000000000  5.430000000000 10.860000000000   2.0 2.0
   50  Si   0.000000000000  8.145000000000 13.575000000000   2.0 2.0
   51  Si   2.715000000000  5.430000000000 13.575000000000   2.0 2.0
   52  Si   2.715000000000  8.145000000000 10.860000000000   2.0 2.0
   53  Si   1.357500000000  6.787500000000 12.217500000000   2.0 2.0
   54  Si   1.357500000000  9.502500000000 14.932500000000   2.0 2.0
   55  Si   4.072500000000  6.787500000000 14.932500000000   2.0 2.0
   56  Si   4.072500000000  9.502500000000 12.217500000000   2.0 2.0
   57  Si   0.000000000000  5.430000000000 16.290000000000   2.0 2.0
   58  Si   0.000000000000  8.145000000000 19.005000000000   2.0 2.0
   59  Si   2.715000000000  5.430000000000 19.005000000000   2.0 2.0
   60  Si   2.715000000000  8.145000000000 16.290000000000   2.0 2.0
   61  Si   1.357500000000  6.787500000000 17.647500000000   2.0 2.0
   62  Si   1.357500000000  9.502500000000 20.362500000000   2.0 2.0
   63  Si   4.072500000000  6.787500000000 20.362500000000   2.0 2.0
   64  Si   4.072500000000  9.502500000000 17.647500000000   2.0 2.0
   65  Si   0.000000000000 10.860000000000  0.000000000000   2.0 2.0
   66  Si   0.000000000000 13.575000000000  2.715000000000   2.0 2.0
   67  Si   2.715000000000 10.860000000000  2.715000000000   2.0 2.0
   68  Si   2.715000000000 13.575000000000  0.000000000000   2.0 2.0
   69  Si   1.357500000000 12.217500000000  1.357500000000   2.0 2.0
   70  Si   1.357500000000 14.932500000000  4.072500000000   2.0 2.0
   71  Si   4.072500000000 12.217500000000  4.072500000000   2.0 2.0
   72  Si   4.072500000000 14.932500000000  1.357500000000   2.0 2.0
   73  Si   0.000000000000 10.860000000000  5.430000000000   2.0 2.0
   74  Si   0.000000000000 13.575000000000  8.145000000000   2.0 2.0
   75  Si   2.715000000000 10.860000000000  8.145000000000   2.0 2.0
   76  Si   2.715000000000 13.575000000000  5.430000000000   2.0 2.0
   77  Si   1.357500000000 12.217500000000  6.787500000000   2.0 2.0
   78  Si   1.357500000000 14.932500000000  9.502500000000   2.0 2.0
   79  Si   4.072500000000 12.217500000000  9.502500000000   2.0 2.0
   80  Si   4.072500000000 14.932500000000  6.787500000000   2.0 2.0
   81  Si   0.000000000000 10.860000000000 10.860000000000   2.0 2.0
   82  Si   0.000000000000 13.575000000000 13.575000000000   2.0 2.0
   83  Si   2.715000000000 10.860000000000 13.575000000000   2.0 2.0
   84  Si   2.715000000000 13.575000000000 10.860000000000   2.0 2.0
   85  Si   1.357500000000 12.217500000000 12.217500000000   2.0 2.0
   86  Si   1.357500000000 14.932500000000 14.932500000000   2.0 2.0
   87  Si   4.072500000000 12.217500000000 14.932500000000   2.0 2.0
   88  Si   4.072500000000 14.932500000000 12.217500000000   2.0 2.0
   89  Si   0.000000000000 10.860000000000 16.290000000000   2.0 2.0
   90  Si   0.000000000000 13.575000000000 19.005000000000   2.0 2.0
   91  Si   2.715000000000 10.860000000000 19.005000000000   2.0 2.0
   92  Si   2.715000000000 13.575000000000 16.290000000000   2.0 2.0
   93  Si   1.357500000000 12.217500000000 17.647500000000   2.0 2.0
   94  Si   1.357500000000 14.932500000000 20.362500000000   2.0 2.0
   95  Si   4.072500000000 12.217500000000 20.362500000000   2.0 2.0
   96  Si   4.072500000000 14.932500000000 17.647500000000   2.0 2.0
   97  Si   0.000000000000 16.290000000000  0.000000000000   2.0 2.0
   98  Si   0.000000000000 19.005000000000  2.715000000000   2.0 2.0
   99  Si   2.715000000000 16.290000000000  2.715000000000   2.0 2.0
  100  Si   2.715000000000 19.005000000000  0.000000000000   2.0 2.0
  101  Si   1.357500000000 17.647500000000  1.357500000000   2.0 2.0
  102  Si   1.357500000000 20.362500000000  4.072500000000   2.0 2.0
  103  Si   4.072500000000 17.647500000000  4.072500000000   2.0 2.0
  104  Si   4.072500000000 20.362500000000  1.357500000000   2.0 2.0
  105  Si   0.000000000000 16.290000000000  5.430000000000   2.0 2.0
  106  Si   0.000000000000 19.005000000000  8.145000000000   2.0 2.0
  107  Si   2.715000000000 16.290000000000  8.145000000000   2.0 2.0
  108  Si   2.715000000000 19.005000000000  5.430000000000   2.0 2.0
  109  Si   1.357500000000 17.647500000000  6.787500000000   2.0 2.0
  110  Si   1.357500000000 20.362500000000  9.502500000000   2.0 2.0
  111  Si   4.072500000000 17.647500000000  9.502500000000   2.0 2.0
  112  Si   4.072500000000 20.362500000000  6.787500000000   2.0 2.0
  113  Si   0.000000000000 16.290000000000 10.860000000000   2.0 2.0
  114  Si   0.000000000000 19.005000000000 13.575000000000   2.0 2.0
  115  Si   2.715000000000 16.290000000000 13.575000000000   2.0 2.0
  116  Si   2.715000000000 19.005000000000 10.860000000000   2.0 2.0
  117  Si   1.357500000000 17.647500000000 12.217500000000   2.0 2.0
  118  Si   1.357500000000 20.362500000000 14.932500000000   2.0 2.0
  119  Si   4.072500000000 17.647500000000 14.932500000000   2.0 2.0
  120  Si   4.072500000000 20.362500000000 12.217500000000   2.0 2.0
  121  Si   0.000000000000 16.290000000000 16.290000000000   2.0 2.0
  122  Si   0.000000000000 19.005000000000 19.005000000000   2.0 2.0
  123  Si   2.715000000000 16.290000000000 19.005000000000   2.0 2.0
  124  Si   2.715000000000 19.005000000000 16.290000000000   2.0 2.0
  125  Si   1.357500000000 17.647500000000 17.647500000000   2.0 2.0
  126  Si   1.357500000000 20.362500000000 20.362500000000   2.0 2.0
  127  Si   4.072500000000 17.647500000000 20.362500000000   2.0 2.0
  128  Si   4.072500000000 20.362500000000 17.647500000000   2.0 2.0
  129  Si   0.000000000000 21.720000000000  0.000000000000   2.0 2.0
  130  Si   0.000000000000 24.435000000000  2.715000000000   2.0 2.0
  131  Si   2.715000000000 21.720000000000  2.715000000000   2.0 2.0
  132  Si   2.715000000000 24.435000000000  0.000000000000   2.0 2.0
  133  Si   1.357500000000 23.077500000000  1.357500000000   2.0 2.0
  134  Si   1.357500000000 25.792500000000  4.072500000000   2.0 2.0
  135  Si   4.072500000000 23.077500000000  4.072500000000   2.0 2.0
  136  Si   4.072500000000 25.792500000000  1.357500000000   2.0 2.0
  137  Si   0.000000000000 21.720000000000  5.430000000000   2.0 2.0
  138  Si   0.000000000000 24.435000000000  8.145000000000   2.0 2.0
  139  Si   2.715000000000 21.720000000000  8.145000000000   2.0 2.0
  140  Si   2.715000000000 24.435000000000  5.430000000000   2.0 2.0
  141  Si   1.357500000000 23.077500000000  6.787500000000   2.0 2.0
  142  Si   1.357500000000 25.792500000000  9.502500000000   2.0 2.0
  143  Si   4.072500000000 23.077500000000  9.502500000000   2.0 2.0
  144  Si   4.072500000000 25.792500000000  6.787500000000   2.0 2.0
  145  Si   0.000000000000 21.720000000000 10.860000000000   2.0 2.0
  146  Si   0.000000000000 24.435000000000 13.575000000000   2.0 2.0
  147  Si   2.715000000000 21.720000000000 13.575000000000   2.0 2.0
  148  Si   2.715000000000 24.435000000000 10.860000000000   2.0 2.0
  149  Si   1.357500000000 23.077500000000 12.217500000000   2.0 2.0
  150  Si   1.357500000000 25.792500000000 14.932500000000   2.0 2.0
  151  Si   4.072500000000 23.077500000000 14.932500000000   2.0 2.0
  152  Si   4.072500000000 25.792500000000 12.217500000000   2.0 2.0
  153  Si   0.000000000000 21.720000000000 16.290000000000   2.0 2.0
  154  Si   0.000000000000 24.435000000000 19.005000000000   2.0 2.0
  155  Si   2.715000000000 21.720000000000 19.005000000000   2.0 2.0
  156  Si   2.715000000000 24.435000000000 16.290000000000   2.0 2.0
  157  Si   1.357500000000 23.077500000000 17.647500000000   2.0 2.0
  158  Si   1.357500000000 25.792500000000 20.362500000000   2.0 2.0
  159  Si   4.072500000000 23.077500000000 20.362500000000   2.0 2.0
  160  Si   4.072500000000 25.792500000000 17.647500000000   2.0 2.0
  161  Si   0.000000000000 27.150000000000  0.000000000000   2.0 2.0
  162  Si   0.000000000000 29.865000000000  2.715000000000   2.0 2.0
  163  Si   2.715000000000 27.150000000000  2.715000000000   2.0 2.0
  164  Si   2.715000000000 29.865000000000  0.000000000000   2.0 2.0
  165  Si   1.357500000000 28.507500000000  1.357500000000   2.0 2.0
  166  Si   1.357500000000 31.222500000000  4.072500000000   2.0 2.0
  167  Si   4.072500000000 28.507500000000  4.072500000000   2.0 2.0
  168  Si   4.072500000000 31.222500000000  1.357500000000   2.0 2.0
  169  Si   0.000000000000 27.150000000000  5.430000000000   2.0 2.0
  170  Si   0.000000000000 29.865000000000  8.145000000000   2.0 2.0
  171  Si   2.715000000000 27.150000000000  8.145000000000   2.0 2.0
  172  Si   2.715000000000 29.865000000000  5.430000000000   2.0 2.0
  173  Si   1.357500000000 28.507500000000  6.787500000000   2.0 2.0
  174  Si   1.357500000000 31.222500000000  9.502500000000   2.0 2.0
  175  Si   4.072500000000 28.507500000000  9.502500000000   2.0 2.0
  176  Si   4.072500000000 31.222500000000  6.787500000000   2.0 2.0
  177  Si   0.000000000000 27.150000000000 10.860000000000   2.0 2.0
  178  Si   0.000000000000 29.865000000000 13.575000000000   2.0 2.0
  179  Si   2.715000000000 27.150000000000 13.575000000000   2.0 2.0
  180  Si   2.715000000000 29.865000000000 10.860000000000   2.0 2.0
  181  Si   1.357500000000 28.507500000000 12.217500000000   2.0 2.0
  182  Si   1.357500000000 31.222500000000 14.932500000000   2.0 2.0
  183  Si   4.072500000000 28.507500000000 14.932500000000   2.0 2.0
  184  Si   4.072500000000 31.222500000000 12.217500000000   2.0 2.0
  185  Si   0.000000000000 27.150000000000 16.290000000000   2.0 2.0
  186  Si   0.000000000000 29.865000000000 19.005000000000   2.0 2.0
  187  Si   2.715000000000 27.150000000000 19.005000000000   2.0 2.0
  188  Si   2.715000000000 29.865000000000 16.290000000000   2.0 2.0
  189  Si   1.357500000000 28.507500000000 17.647500000000   2.0 2.0
  190  Si   1.357500000000 31.222500000000 20.362500000000   2.0 2.0
  191  Si   4.072500000000 28.507500000000 20.362500000000   2.0 2.0
  192  Si   4.072500000000 31.222500000000 17.647500000000   2.0 2.0
  193  Si   0.000000000000 32.580000000000  0.000000000000   2.0 2.0
  194  Si   0.000000000000 35.295000000000  2.715000000000   2.0 2.0
  195  Si   2.715000000000 32.580000000000  2.715000000000   2.0 2.0
  196  Si   2.715000000000 35.295000000000  0.000000000000   2.0 2.0
  197  Si   1.357500000000 33.937500000000  1.357500000000   2.0 2.0
  198  Si   1.357500000000 36.652500000000  4.072500000000   2.0 2.0
  199  Si   4.072500000000 33.937500000000  4.072500000000   2.0 2.0
  200  Si   4.072500000000 36.652500000000  1.357500000000   2.0 2.0
  201  Si   0.000000000000 32.580000000000  5.430000000000   2.0 2.0
  202  Si   0.000000000000 35.295000000000  8.145000000000   2.0 2.0
  203  Si   2.715000000000 32.580000000000  8.145000000000   2.0 2.0
  204  Si   2.715000000000 35.295000000000  5.430000000000   2.0 2.0
  205  Si   1.357500000000 33.937500000000  6.787500000000   2.0 2.0
  206  Si   1.357500000000 36.652500000000  9.502500000000   2.0 2.0
  207  Si   4.072500000000 33.937500000000  9.502500000000   2.0 2.0
  208  Si   4.072500000000 36.652500000000  6.787500000000   2.0 2.0
  209  Si   0.000000000000 32.580000000000 10.860000000000   2.0 2.0
  210  Si   0.000000000000 35.295000000000 13.575000000000   2.0 2.0
  211  Si   2.715000000000 32.580000000000 13.575000000000   2.0 2.0
  212  Si   2.715000000000 35.295000000000 10.860000000000   2.0 2.0
  213  Si   1.357500000000 33.937500000000 12.217500000000   2.0 2.0
  214  Si   1.357500000000 36.652500000000 14.932500000000   2.0 2.0
  215  Si   4.072500000000 33.937500000000 14.932500000000   2.0 2.0
  216  Si   4.072500000000 36.652500000000 12.217500000000   2.0 2.0
  217  Si   0.000000000000 32.580000000000 16.290000000000   2.0 2.0
  218  Si   0.000000000000 35.295000000000 19.005000000000   2.0 2.0
  219  Si   2.715000000000 32.580000000000 19.005000000000   2.0 2.0
  220  Si   2.715000000000 35.295000000000 16.290000000000   2.0 2.0
  221  Si   1.357500000000 33.937500000000 17.647500000000   2.0 2.0
  222  Si   1.357500000000 36.652500000000 20.362500000000   2.0 2.0
  223  Si   4.072500000000 33.937500000000 20.362500000000   2.0 2.0
  224  Si   4.072500000000 36.652500000000 17.647500000000   2.0 2.0
  225  Si   0.000000000000 38.010000000000  0.000000000000   2.0 2.0
  226  Si   0.000000000000 40.725000000000  2.715000000000   2.0 2.0
  227  Si   2.715000000000 38.010000000000  2.715000000000   2.0 2.0
  228  Si   2.715000000000 40.725000000000  0.000000000000   2.0 2.0
  229  Si   1.357500000000 39.367500000000  1.357500000000   2.0 2.0
  230  Si   1.357500000000 42.082500000000  4.072500000000   2.0 2.0
  231  Si   4.072500000000 39.367500000000  4.072500000000   2.0 2.0
  232  Si   4.072500000000 42.082500000000  1.357500000000   2.0 2.0
  233  Si   0.000000000000 38.010000000000  5.430000000000   2.0 2.0
  234  Si   0.000000000000 40.725000000000  8.145000000000   2.0 2.0
  235  Si   2.715000000000 38.010000000000  8.145000000000   2.0 2.0
  236  Si   2.715000000000 40.725000000000  5.430000000000   2.0 2.0
  237  Si   1.357500000000 39.367500000000  6.787500000000   2.0 2.0
  238  Si   1.357500000000 42.082500000000  9.502500000000   2.0 2.0
  239  Si   4.072500000000 39.367500000000  9.502500000000   2.0 2.0
  240  Si   4.072500000000 42.082500000000  6.787500000000   2.0 2.0
  241  Si   0.000000000000 38.010000000000 10.860000000000   2.0 2.0
  242  Si   0.000000000000 40.725000000000 13.575000000000   2.0 2.0
  243  Si   2.715000000000 38.010000000000 13.575000000000   2.0 2.0
  244  Si   2.715000000000 40.725000000000 10.860000000000   2.0 2.0
  245  Si   1.357500000000 39.367500000000 12.217500000000   2.0 2.0
  246  Si   1.357500000000 42.082500000000 14.932500000000   2.0 2.0
  247  Si   4.072500000000 39.367500000000 14.932500000000   2.0 2.0
  248  Si   4.072500000000 42.082500000000 12.217500000000   2.0 2.0
  249  Si   0.000000000000 38.010000000000 16.290000000000   2.0 2.0
  250  Si   0.000000000000 40.725000000000 19.005000000000   2.0 2.0
  251  Si   2.715000000000 38.010000000000 19.005000000000   2.0 2.0
  252  Si   2.715000000000 40.725000000000 16.290000000000   2.0 2.0
  253  Si   1.357500000000 39.367500000000 17.647500000000   2.0 2.0
  254  Si   1.357500000000 42.082500000000 20.362500000000   2.0 2.0
  255  Si   4.072500000000 39.367500000000 20.362500000000   2.0 2.0
  256  Si   4.072500000000 42.082500000000 17.647500000000   2.0 2.0
  257  Si   5.430000000000  0.000000000000  0.000000000000   2.0 2.0
  258  Si   5.430000000000  2.715000000000  2.715000000000   2.0 2.0
  259  Si   8.145000000000  0.000000000000  2.715000000000   2.0 2.0
  260  Si   8.145000000000  2.715000000000  0.000000000000   2.0 2.0
  261  Si   6.787500000000  1.357500000000  1.357500000000   2.0 2.0
  262  Si   6.787500000000  4.072500000000  4.072500000000   2.0 2.0
  263  Si   9.502500000000  1.357500000000  4.072500000000   2.0 2.0
  264  Si   9.502500000000  4.072500000000  1.357500000000   2.0 2.0
  265  Si   5.430000000000  0.000000000000  5.430000000000   2.0 2.0
  266  Si   5.430000000000  2.715000000000  8.145000000000   2.0 2.0
  267  Si   8.145000000000  0.000000000000  8.145000000000   2.0 2.0
  268  Si   8.145000000000  2.715000000000  5.430000000000   2.0 2.0
  269  Si   6.787500000000  1.357500000000  6.787500000000   2.0 2.0
  270  Si   6.787500000000  4.072500000000  9.502500000000   2.0 2.0
  271  Si   9.502500000000  1.357500000000  9.502500000000   2.0 2.0
  272  Si   9.502500000000  4.072500000000  6.787500000000   2.0 2.0
  273  Si   5.430000000000  0.000000000000 10.860000000000   2.0 2.0
  274  Si   5.430000000000  2.715000000000 13.575000000000   2.0 2.0
  275  Si   8.145000000000  0.000000000000 13.575000000000   2.0 2.0
  276  Si   8.145000000000  2.715000000000 10.860000000000   2.0 2.0
  277  Si   6.787500000000  1.357500000000 12.217500000000   2.0 2.0
  278  Si   6.787500000000  4.072500000000 14.932500000000   2.0 2.0
  279  Si   9.502500000000  1.357500000000 14.932500000000   2.0 2.0
  280  Si   9.502500000000  4.072500000000 12.217500000000   2.0 2.0
  281  Si   5.430000000000  0.000000000000 16.290000000000   2.0 2.0
  282  Si   5.430000000000  2.715000000000 19.005000000000   2.0 2.0
  283  Si   8.145000000000  0.000000000000 19.005000000000   2.0 2.0
  284  Si   8.145000000000  2.715000000000 16.290000000000   2.0 2.0
  285  Si   6.787500000000  1.357500000000 17.647500000000   2.0 2.0
  286  Si   6.787500000000  4.072500000000 20.362500000000   2.0 2.0
  287  Si   9.502500000000  1.357500000000 20.362500000000   2.0 2.0
  288  Si   9.502500000000  4.072500000000 17.647500000000   2.0 2.0
  289  Si   5.430000000000  5.430000000000  0.000000000000   2.0 2.0
  290  Si   5.430000000000  8.145000000000  2.715000000000   2.0 2.0
  291  Si   8.145000000000  5.430000000000  2.715000000000   2.0 2.0
  292  Si   8.145000000000  8.145000000000  0.000000000000   2.0 2.0
  293  Si   6.787500000000  6.787500000000  1.357500000000   2.0 2.0
  294  Si   6.787500000000  9.502500000000  4.072500000000   2.0 2.0
  295  Si   9.502500000000  6.787500000000  4.072500000000   2.0 2.0
  296  Si   9.502500000000  9.502500000000  1.357500000000   2.0 2.0
  297  Si   5.430000000000  5.430000000000  5.430000000000   2.0 2.0
  298  Si   5.430000000000  8.145000000000  8.145000000000   2.0 2.0
  299  Si   8.145000000000  5.430000000000  8.145000000000   2.0 2.0
  300  Si   8.145000000000  8.145000000000  5.430000000000   2.0 2.0
  301  Si   6.787500000000  6.787500000000  6.787500000000   2.0 2.0
  302  Si   6.787500000000  9.502500000000  9.502500000000   2.0 2.0
  303  Si   9.502500000000  6.787500000000  9.502500000000   2.0 2.0
  304  Si   9.502500000000  9.502500000000  6.787500000000   2.0 2.0
  305  Si   5.430000000000  5.430000000000 10.860000000000   2.0 2.0
  306  Si   5.430000000000  8.145000000000 13.575000000000   2.0 2.0
  307  Si   8.145000000000  5.430000000000 13.575000000000   2.0 2.0
  308  Si   8.145000000000  8.145000000000 10.860000000000   2.0 2.0
  309  Si   6.787500000000  6.787500000000 12.217500000000   2.0 2.0
  310  Si   6.787500000000  9.502500000000 14.932500000000   2.0 2.0
  311  Si   9.502500000000  6.787500000000 14.932500000000   2.0 2.0
  312  Si   9.502500000000  9.502500000000 12.217500000000   2.0 2.0
  313  Si   5.430000000000  5.430000000000 16.290000000000   2.0 2.0
  314  Si   5.430000000000  8.145000000000 19.005000000000   2.0 2.0
  315  Si   8.145000000000  5.430000000000 19.005000000000   2.0 2.0
  316  Si   8.145000000000  8.145000000000 16.290000000000   2.0 2.0
  317  Si   6.787500000000  6.787500000000 17.647500000000   2.0 2.0
  318  Si   6.787500000000  9.502500000000 20.362500000000   2.0 2.0
  319  Si   9.502500000000  6.787500000000 20.362500000000   2.0 2.0
  320  Si   9.502500000000  9.502500000000 17.647500000000   2.0 2.0
  321  Si   5.430000000000 10.860000000000  0.000000000000   2.0 2.0
  322  Si   5.430000000000 13.575000000000  2.715000000000   2.0 2.0
  323  Si   8.145000000000 10.860000000000  2.715000000000   2.0 2.0
  324  Si   8.145000000000 13.575000000000  0.000000000000   2.0 2.0
  325  Si   6.787500000000 12.217500000000  1.357500000000   2.0 2.0
  326  Si   6.787500000000 14.932500000000  4.072500000000   2.0 2.0
  327  Si   9.502500000000 12.217500000000  4.072500000000   2.0 2.0
  328  Si   9.502500000000 14.932500000000  1.357500000000   2.0 2.0
  329  Si   5.430000000000 10.860000000000  5.430000000000   2.0 2.0
  330  Si   5.430000000000 13.575000000000  8.145000000000   2.0 2.0
  331  Si   8.145000000000 10.860000000000  8.145000000000   2.0 2.0
  332  Si   8.145000000000 13.575000000000  5.430000000000   2.0 2.0
  333  Si   6.787500000000 12.217500000000  6.787500000000   2.0 2.0
  334  Si   6.787500000000 14.932500000000  9.502500000000   2.0 2.0
  335  Si   9.502500000000 12.217500000000  9.502500000000   2.0 2.0
  336  Si   9.502500000000 14.932500000000  6.787500000000   2.0 2.0
  337  Si   5.430000000000 10.860000000000 10.860000000000   2.0 2.0
  338  Si   5.430000000000 13.575000000000 13.575000000000   2.0 2.0
  339  Si   8.145000000000 10.860000000000 13.575000000000   2.0 2.0
  340  Si   8.145000000000 13.575000000000 10.860000000000   2.0 2.0
  341  Si   6.787500000000 12.217500000000 12.217500000000   2.0 2.0
  342  Si   6.787500000000 14.932500000000 14.932500000000   2.0 2.0
  343  Si   9.502500000000 12.217500000000 14.932500000000   2.0 2.0
  344  Si   9.502500000000 14.932500000000 12.217500000000   2.0 2.0
  345  Si   5.430000000000 10.860000000000 16.290000000000   2.0 2.0
  346  Si   5.430000000000 13.575000000000 19.005000000000   2.0 2.0
  347  Si   8.145000000000 10.860000000000 19.005000000000   2.0 2.0
  348  Si   8.145000000000 13.575000000000 16.290000000000   2.0 2.0
  349  Si   6.787500000000 12.217500000000 17.647500000000   2.0 2.0
  350  Si   6.787500000000 14.932500000000 20.362500000000   2.0 2.0
  351  Si   9.502500000000 12.217500000000 20.362500000000   2.0 2.0
  352  Si   9.502500000000 14.932500000000 17.647500000000   2.0 2.0
  353  Si   5.430000000000 16.290000000000  0.000000000000   2.0 2.0
  354  Si   5.430000000000 19.005000000000  2.715000000000   2.0 2.0
  355  Si   8.145000000000 16.290000000000  2.715000000000   2.0 2.0
  356  Si   8.145000000000 19.005000000000  0.000000000000   2.0 2.0
  357  Si   6.787500000000 17.647500000000  1.357500000000   2.0 2.0
  358  Si   6.787500000000 20.362500000000  4.072500000000   2.0 2.0
  359  Si   9.502500000000 17.647500000000  4.072500000000   2.0 2.0
  360  Si   9.502500000000 20.362500000000  1.357500000000   2.0 2.0
  361  Si   5.430000000000 16.290000000000  5.430000000000   2.0 2.0
  362  Si   5.430000000000 19.005000000000  8.145000000000   2.0 2.0
  363  Si   8.145000000000 16.290000000000  8.145000000000   2.0 2.0
  364  Si   8.145000000000 19.005000000000  5.430000000000   2.0 2.0
  365  Si   6.787500000000 17.647500000000  6.787500000000   2.0 2.0
  366  Si   6.787500000000 20.362500000000  9.502500000000   2.0 2.0
  367  Si   9.502500000000 17.647500000000  9.502500000000   2.0 2.0
  368  Si   9.502500000000 20.362500000000  6.787500000000   2.0 2.0
  369  Si   5.430000000000 16.290000000000 10.860000000000   2.0 2.0
  370  Si   5.430000000000 19.005000000000 13.575000000000   2.0 2.0
  371  Si   8.145000000000 16.290000000000 13.575000000000   2.0 2.0
  372  Si   8.145000000000 19.005000000000 10.860000000000   2.0 2.0
  373  Si   6.787500000000 17.647500000000 12.217500000000   2.0 2.0
  374  Si   6.787500000000 20.362500000000 14.932500000000   2.0 2.0
  375  Si   9.502500000000 17.647500000000 14.932500000000   2.0 2.0
  376  Si   9.502500000000 20.362500000000 12.217500000000   2.0 2.0
  377  Si   5.430000000000 16.290000000000 16.290000000000   2.0 2.0
  378  Si   5.430000000000 19.005000000000 19.005000000000   2.0 2.0
  379  Si   8.145000000000 16.290000000000 19.005000000000   2.0 2.0
  380  Si   8.145000000000 19.005000000000 16.290000000000   2.0 2.0
  381  Si   6.787500000000 17.647500000000 17.647500000000   2.0 2.0
  382  Si   6.787500000000 20.362500000000 20.362500000000   2.0 2.0
  383  Si   9.502500000000 17.647500000000 20.362500000000   2.0 2.0
  384  Si   9.502500000000 20.362500000000 17.647500000000   2.0 2.0
  385  Si   5.430000000000 21.720000000000  0.000000000000   2.0 2.0
  386  Si   5.430000000000 24.435000000000  2.715000000000   2.0 2.0
  387  Si   8.145000000000 21.720000000000  2.715000000000   2.0 2.0
  388  Si   8.145000000000 24.435000000000  0.000000000000   2.0 2.0
  389  Si   6.787500000000 23.077500000000  1.357500000000   2.0 2.0
  390  Si   6.787500000000 25.792500000000  4.072500000000   2.0 2.0
  391  Si   9.502500000000 23.077500000000  4.072500000000   2.0 2.0
  392  Si   9.502500000000 25.792500000000  1.357500000000   2.0 2.0
  393  Si   5.430000000000 21.720000000000  5.430000000000   2.0 2.0
  394  Si   5.430000000000 24.435000000000  8.145000000000   2.0 2.0
  395  Si   8.145000000000 21.720000000000  8.145000000000   2.0 2.0
  396  Si   8.145000000000 24.435000000000  5.430000000000   2.0 2.0
  397  Si   6.787500000000 23.077500000000  6.787500000000   2.0 2.0
  398  Si   6.787500000000 25.792500000000  9.502500000000   2.0 2.0
  399  Si   9.502500000000 23.077500000000  9.502500000000   2.0 2.0
  400  Si   9.502500000000 25.792500000000  6.787500000000   2.0 2.0
  401  Si   5.430000000000 21.720000000000 10.860000000000   2.0 2.0
  402  Si   5.430000000000 24.435000000000 13.575000000000   2.0 2.0
  403  Si   8.145000000000 21.720000000000 13.575000000000   2.0 2.0
  404  Si   8.145000000000 24.435000000000 10.860000000000   2.0 2.0
  405  Si   6.787500000000 23.077500000000 12.217500000000   2.0 2.0
  406  Si   6.787500000000 25.792500000000 14.932500000000   2.0 2.0
  407  Si   9.502500000000 23.077500000000 14.932500000000   2.0 2.0
  408  Si   9.502500000000 25.792500000000 12.217500000000   2.0 2.0
  409  Si   5.430000000000 21.720000000000 16.290000000000   2.0 2.0
  410  Si   5.430000000000 24.435000000000 19.005000000000   2.0 2.0
  411  Si   8.145000000000 21.720000000000 19.005000000000   2.0 2.0
  412  Si   8.145000000000 24.435000000000 16.290000000000   2.0 2.0
  413  Si   6.787500000000 23.077500000000 17.647500000000   2.0 2.0
  414  Si   6.787500000000 25.792500000000 20.362500000000   2.0 2.0
  415  Si   9.502500000000 23.077500000000 20.362500000000   2.0 2.0
  416  Si   9.502500000000 25.792500000000 17.647500000000   2.0 2.0
  417  Si   5.430000000000 27.150000000000  0.000000000000   2.0 2.0
  418  Si   5.430000000000 29.865000000000  2.715000000000   2.0 2.0
  419  Si   8.145000000000 27.150000000000  2.715000000000   2.0 2.0
  420  Si   8.145000000000 29.865000000000  0.000000000000   2.0 2.0
  421  Si   6.787500000000 28.507500000000  1.357500000000   2.0 2.0
  422  Si   6.787500000000 31.222500000000  4.072500000000   2.0 2.0
  423  Si   9.502500000000 28.507500000000  4.072500000000   2.0 2.0
  424  Si   9.502500000000 31.222500000000  1.357500000000   2.0 2.0
  425  Si   5.430000000000 27.150000000000  5.430000000000   2.0 2.0
  426  Si   5.430000000000 29.865000000000  8.145000000000   2.0 2.0
  427  Si   8.145000000000 27.150000000000  8.145000000000   2.0 2.0
  428  Si   8.145000000000 29.865000000000  5.430000000000   2.0 2.0
  429  Si   6.787500000000 28.507500000000  6.787500000000   2.0 2.0
  430  Si   6.787500000000 31.222500000000  9.502500000000   2.0 2.0
  431  Si   9.502500000000 28.507500000000  9.502500000000   2.0 2.0
  432  Si   9.502500000000 31.222500000000  6.787500000000   2.0 2.0
  433  Si   5.430000000000 27.150000000000 10.860000000000   2.0 2.0
  434  Si   5.430000000000 29.865000000000 13.575000000000   2.0 2.0
  435  Si   8.145000000000 27.150000000000 13.575000000000   2.0 2.0
  436  Si   8.145000000000 29.865000000000 10.860000000000   2.0 2.0
  437  Si   6.787500000000 28.507500000000 12.217500000000   2.0 2.0
  438  Si   6.787500000000 31.222500000000 14.932500000000   2.0 2.0
  439  Si   9.502500000000 28.507500000000 14.932500000000   2.0 2.0
  440  Si   9.502500000000 31.222500000000 12.217500000000   2.0 2.0
  441  Si   5.430000000000 27.150000000000 16.290000000000   2.0 2.0
  442  Si   5.430000000000 29.865000000000 19.005000000000   2.0 2.0
  443  Si   8.145000000000 27.150000000000 19.005000000000   2.0 2.0
  444  Si   8.145000000000 29.865000000000 16.290000000000   2.0 2.0
  445  Si   6.787500000000 28.507500000000 17.647500000000   2.0 2.0
  446  Si   6.787500000000 31.222500000000 20.362500000000   2.0 2.0
  447  Si   9.502500000000 28.507500000000 20.362500000000   2.0 2.0
  448  Si   9.502500000000 31.222500000000 17.647500000000   2.0 2.0
  449  Si   5.430000000000 32.580000000000  0.000000000000   2.0 2.0
  450  Si   5.430000000000 35.295000000000  2.715000000000   2.0 2.0
  451  Si   8.145000000000 32.580000000000  2.715000000000   2.0 2.0
  452  Si   8.145000000000 35.295000000000  0.000000000000   2.0 2.0
  453  Si   6.787500000000 33.937500000000  1.357500000000   2.0 2.0
  454  Si   6.787500000000 36.652500000000  4.072500000000   2.0 2.0
  455  Si   9.502500000000 33.937500000000  4.072500000000   2.0 2.0
  456  Si   9.502500000000 36.652500000000  1.357500000000   2.0 2.0
  457  Si   5.430000000000 32.580000000000  5.430000000000   2.0 2.0
  458  Si   5.430000000000 35.295000000000  8.145000000000   2.0 2.0
  459  Si   8.145000000000 32.580000000000  8.145000000000   2.0 2.0
  460  Si   8.145000000000 35.295000000000  5.430000000000   2.0 2.0
  461  Si   6.787500000000 33.937500000000  6.787500000000   2.0 2.0
  462  Si   6.787500000000 36.652500000000  9.502500000000   2.0 2.0
  463  Si   9.502500000000 33.937500000000  9.502500000000   2.0 2.0
  464  Si   9.502500000000 36.652500000000  6.787500000000   2.0 2.0
  465  Si   5.430000000000 32.580000000000 10.860000000000   2.0 2.0
  466  Si   5.430000000000 35.295000000000 13.575000000000   2.0 2.0
  467  Si   8.145000000000 32.580000000000 13.575000000000   2.0 2.0
  468  Si   8.145000000000 35.295000000000 10.860000000000   2.0 2.0
  469  Si   6.787500000000 33.937500000000 12.217500000000   2.0 2.0
  470  Si   6.787500000000 36.652500000000 14.932500000000   2.0 2.0
  471  Si   9.502500000000 33.937500000000 14.932500000000   2.0 2.0
  472  Si   9.502500000000 36.652500000000 12.217500000000   2.0 2.0
  473  Si   5.430000000000 32.580000000000 16.290000000000   2.0 2.0
  474  Si   5.430000000000 35.295000000000 19.005000000000   2.0 2.0
  475  Si   8.145000000000 32.580000000000 19.005000000000   2.0 2.0
  476  Si   8.145000000000 35.295000000000 16.290000000000   2.0 2.0
  477  Si   6.787500000000 33.937500000000 17.647500000000   2.0 2.0
  478  Si   6.787500000000 36.652500000000 20.362500000000   2.0 2.0
  479  Si   9.502500000000 33.937500000000 20.362500000000   2.0 2.0
  480  Si   9.502500000000 36.652500000000 17.647500000000   2.0 2.0
  481  Si   5.430000000000 38.010000000000  0.000000000000   2.0 2.0
  482  Si   5.430000000000 40.725000000000  2.715000000000   2.0 2.0
  483  Si   8.145000000000 38.010000000000  2.715000000000   2.0 2.0
  484  Si   8.145000000000 40.725000000000  0.000000000000   2.0 2.0
  485  Si   6.787500000000 39.367500000000  1.357500000000   2.0 2.0
  486  Si   6.787500000000 42.082500000000  4.072500000000   2.0 2.0
  487  Si   9.502500000000 39.367500000000  4.072500000000   2.0 2.0
  488  Si   9.502500000000 42.082500000000  1.357500000000   2.0 2.0
  489  Si   5.430000000000 38.010000000000  5.430000000000   2.0 2.0
  490  Si   5.430000000000 40.725000000000  8.145000000000   2.0 2.0
  491  Si   8.145000000000 38.010000000000  8.145000000000   2.0 2.0
  492  Si   8.145000000000 40.725000000000  5.430000000000   2.0 2.0
  493  Si   6.787500000000 39.367500000000  6.787500000000   2.0 2.0
  494  Si   6.787500000000 42.082500000000  9.502500000000   2.0 2.0
  495  Si   9.502500000000 39.367500000000  9.502500000000   2.0 2.0
  496  Si   9.502500000000 42.082500000000  6.787500000000   2.0 2.0
  497  Si   5.430000000000 38.010000000000 10.860000000000   2.0 2.0
  498  Si   5.430000000000 40.725000000000 13.575000000000   2.0 2.0
  499  Si   8.145000000000 38.010000000000 13.575000000000   2.0 2.0
  500  Si   8.145000000000 40.725000000000 10.860000000000   2.0 2.0
  501  Si   6.787500000000 39.367500000000 12.217500000000   2.0 2.0
  502  Si   6.787500000000 42.082500000000 14.932500000000   2.0 2.0
  503  Si   9.502500000000 39.367500000000 14.932500000000   2.0 2.0
  504  Si   9.502500000000 42.082500000000 12.217500000000   2.0 2.0
  505  Si   5.430000000000 38.010000000000 16.290000000000   2.0 2.0
  506  Si   5.430000000000 40.725000000000 19.005000000000   2.0 2.0
  507  Si   8.145000000000 38.010000000000 19.005000000000   2.0 2.0
  508  Si   8.145000000000 40.725000000000 16.290000000000   2.0 2.0
  509  Si   6.787500000000 39.367500000000 17.647500000000   2.0 2.0
  510  Si   6.787500000000 42.082500000000 20.362500000000   2.0 2.0
  511  Si   9.502500000000 39.367500000000 20.362500000000   2.0 2.0
  512  Si   9.502500000000 42.082500000000 17.647500000000   2.0 2.0
  513  Si  10.860000000000  0.000000000000  0.000000000000   2.0 2.0
  514  Si  10.860000000000  2.715000000000  2.715000000000   2.0 2.0
  515  Si  13.575000000000  0.000000000000  2.715000000000   2.0 2.0
  516  Si  13.575000000000  2.715000000000  0.000000000000   2.0 2.0
  517  Si  12.217500000000  1.357500000000  1.357500000000   2.0 2.0
  518  Si  12.217500000000  4.072500000000  4.072500000000   2.0 2.0
  519  Si  14.932500000000  1.357500000000  4.072500000000   2.0 2.0
  520  Si  14.932500000000  4.072500000000  1.357500000000   2.0 2.0
  521  Si  10.860000000000  0.000000000000  5.430000000000   2.0 2.0
  522  Si  10.860000000000  2.715000000000  8.145000000000   2.0 2.0
  523  Si  13.575000000000  0.000000000000  8.145000000000   2.0 2.0
  524  Si  13.575000000000  2.715000000000  5.430000000000   2.0 2.0
  525  Si  12.217500000000  1.357500000000  6.787500000000   2.0 2.0
  526  Si  12.217500000000  4.072500000000  9.502500000000   2.0 2.0
  527  Si  14.932500000000  1.357500000000  9.502500000000   2.0 2.0
  528  Si  14.932500000000  4.072500000000  6.787500000000   2.0 2.0
  529  Si  10.860000000000  0.000000000000 10.860000000000   2.0 2.0
  530  Si  10.860000000000  2.715000000000 13.575000000000   2.0 2.0
  531  Si  13.575000000000  0.000000000000 13.575000000000   2.0 2.0
  532  Si  13.575000000000  2.715000000000 10.860000000000   2.0 2.0
  533  Si  12.217500000000  1.357500000000 12.217500000000   2.0 2.0
  534  Si  12.217500000000  4.072500000000 14.932500000000   2.0 2.0
  535  Si  14.932500000000  1.357500000000 14.932500000000   2.0 2.0
  536  Si  14.932500000000  4.072500000000 12.217500000000   2.0 2.0
  537  Si  10.860000000000  0.000000000000 16.290000000000   2.0 2.0
  538  Si  10.860000000000  2.715000000000 19.005000000000   2.0 2.0
  539  Si  13.575000000000  0.000000000000 19.005000000000   2.0 2.0
  540  Si  13.575000000000  2.715000000000 16.290000000000   2.0 2.0
  541  Si  12.217500000000  1.357500000000 17.647500000000   2.0 2.0
  542  Si  12.217500000000  4.072500000000 20.362500000000   2.0 2.0
  543  Si  14.932500000000  1.357500000000 20.362500000000   2.0 2.0
  544  Si  14.932500000000  4.072500000000 17.647500000000   2.0 2.0
  545  Si  10.860000000000  5.430000000000  0.000000000000   2.0 2.0
  546  Si  10.860000000000  8.145000000000  2.715000000000   2.0 2.0
  547  Si  13.575000000000  5.430000000000  2.715000000000   2.0 2.0
  548  Si  13.575000000000  8.145000000000  0.000000000000   2.0 2.0
  549  Si  12.217500000000  6.787500000000  1.357500000000   2.0 2.0
  550  Si  12.217500000000  9.502500000000  4.072500000000   2.0 2.0
  551  Si  14.932500000000  6.787500000000  4.072500000000   2.0 2.0
  552  Si  14.932500000000  9.502500000000  1.357500000000   2.0 2.0
  553  Si  10.860000000000  5.430000000000  5.430000000000   2.0 2.0
  554  Si  10.860000000000  8.145000000000  8.145000000000   2.0 2.0
  555  Si  13.575000000000  5.430000000000  8.145000000000   2.0 2.0
  556  Si  13.575000000000  8.145000000000  5.430000000000   2.0 2.0
  557  Si  12.217500000000  6.787500000000  6.787500000000   2.0 2.0
  558  Si  12.217500000000  9.502500000000  9.502500000000   2.0 2.0
  559  Si  14.932500000000  6.787500000000  9.502500000000   2.0 2.0
  560  Si  14.932500000000  9.502500000000  6.787500000000   2.0 2.0
  561  Si  10.860000000000  5.430000000000 10.860000000000   2.0 2.0
  562  Si  10.860000000000  8.145000000000 13.575000000000   2.0 2.0
  563  Si  13.575000000000  5.430000000000 13.575000000000   2.0 2.0
  564  Si  13.575000000000  8.145000000000 10.860000000000   2.0 2.0
  565  Si  12.217500000000  6.787500000000 12.217500000000   2.0 2.0
  566  Si  12.217500000000  9.502500000000 14.932500000000   2.0 2.0
  567  Si  14.932500000000  6.787500000000 14.932500000000   2.0 2.0
  568  Si  14.932500000000  9.502500000000 12.217500000000   2.0 2.0
  569  Si  10.860000000000  5.430000000000 16.290000000000   2.0 2.0
  570  Si  10.860000000000  8.145000000000 19.005000000000   2.0 2.0
  571  Si  13.575000000000  5.430000000000 19.005000000000   2.0 2.0
  572  Si  13.575000000000  8.145000000000 16.290000000000   2.0 2.0
  573  Si  12.217500000000  6.787500000000 17.647500000000   2.0 2.0
  574  Si  12.217500000000  9.502500000000 20.362500000000   2.0 2.0
  575  Si  14.932500000000  6.787500000000 20.362500000000   2.0 2.0
  576  Si  14.932500000000  9.502500000000 17.647500000000   2.0 2.0
  577  Si  10.860000000000 10.860000000000  0.000000000000   2.0 2.0
  578  Si  10.860000000000 13.575000000000  2.715000000000   2.0 2.0
  579  Si  13.575000000000 10.860000000000  2.715000000000   2.0 2.0
  580  Si  13.575000000000 13.575000000000  0.000000000000   2.0 2.0
  581  Si  12.217500000000 12.217500000000  1.357500000000   2.0 2.0
  582  Si  12.217500000000 14.932500000000  4.072500000000   2.0 2.0
  583  Si  14.932500000000 12.217500000000  4.072500000000   2.0 2.0
  584  Si  14.932500000000 14.932500000000  1.357500000000   2.0 2.0
  585  Si  10.860000000000 10.860000000000  5.430000000000   2.0 2.0
  586  Si  10.860000000000 13.575000000000  8.145000000000   2.0 2.0
  587  Si  13.575000000000 10.860000000000  8.145000000000   2.0 2.0
  588  Si  13.575000000000 13.575000000000  5.430000000000   2.0 2.0
  589  Si  12.217500000000 12.217500000000  6.787500000000   2.0 2.0
  590  Si  12.217500000000 14.932500000000  9.502500000000   2.0 2.0
  591  Si  14.932500000000 12.217500000000  9.502500000000   2.0 2.0
  592  Si  14.932500000000 14.932500000000  6.787500000000   2.0 2.0
  593  Si  10.860000000000 10.860000000000 10.860000000000   2.0 2.0
  594  Si  10.860000000000 13.575000000000 13.575000000000   2.0 2.0
  595  Si  13.575000000000 10.860000000000 13.575000000000   2.0 2.0
  596  Si  13.575000000000 13.575000000000 10.860000000000   2.0 2.0
  597  Si  12.217500000000 12.217500000000 12.217500000000   2.0 2.0
  598  Si  12.217500000000 14.932500000000 14.932500000000   2.0 2.0
  599  Si  14.932500000000 12.217500000000 14.932500000000   2.0 2.0
  600  Si  14.932500000000 14.932500000000 12.217500000000   2.0 2.0
  601  Si  10.860000000000 10.860000000000 16.290000000000   2.0 2.0
  602  Si  10.860000000000 13.575000000000 19.005000000000   2.0 2.0
  603  Si  13.575000000000 10.860000000000 19.005000000000   2.0 2.0
  604  Si  13.575000000000 13.575000000000 16.290000000000   2.0 2.0
  605  Si  12.217500000000 12.217500000000 17.647500000000   2.0 2.0
  606  Si  12.217500000000 14.932500000000 20.362500000000   2.0 2.0
  607  Si  14.932500000000 12.217500000000 20.362500000000   2.0 2.0
  608  Si  14.932500000000 14.932500000000 17.647500000000   2.0 2.0
  609  Si  10.860000000000 16.290000000000  0.000000000000   2.0 2.0
  610  Si  10.860000000000 19.005000000000  2.715000000000   2.0 2.0
  611  Si  13.575000000000 16.290000000000  2.715000000000   2.0 2.0
  612  Si  13.575000000000 19.005000000000  0.000000000000   2.0 2.0
  613  Si  12.217500000000 17.647500000000  1.357500000000   2.0 2.0
  614  Si  12.217500000000 20.362500000000  4.072500000000   2.0 2.0
  615  Si  14.932500000000 17.647500000000  4.072500000000   2.0 2.0
  616  Si  14.932500000000 20.362500000000  1.357500000000   2.0 2.0
  617  Si  10.860000000000 16.290000000000  5.430000000000   2.0 2.0
  618  Si  10.860000000000 19.005000000000  8.145000000000   2.0 2.0
  619  Si  13.575000000000 16.290000000000  8.145000000000   2.0 2.0
  620  Si  13.575000000000 19.005000000000  5.430000000000   2.0 2.0
  621  Si  12.217500000000 17.647500000000  6.787500000000   2.0 2.0
  622  Si  12.217500000000 20.362500000000  9.502500000000   2.0 2.0
  623  Si  14.932500000000 17.647500000000  9.502500000000   2.0 2.0
  624  Si  14.932500000000 20.362500000000  6.787500000000   2.0 2.0
  625  Si  10.860000000000 16.290000000000 10.860000000000   2.0 2.0
  626  Si  10.860000000000 19.005000000000 13.575000000000   2.0 2.0
  627  Si  13.575000000000 16.290000000000 13.575000000000   2.0 2.0
  628  Si  13.575000000000 19.005000000000 10.860000000000   2.0 2.0
  629  Si  12.217500000000 17.647500000000 12.217500000000   2.0 2.0
  630  Si  12.217500000000 20.362500000000 14.932500000000   2.0 2.0
  631  Si  14.932500000000 17.647500000000 14.932500000000   2.0 2.0
  632  Si  14.932500000000 20.362500000000 12.217500000000   2.0 2.0
  633  Si  10.860000000000 16.290000000000 16.290000000000   2.0 2.0
  634  Si  10.860000000000 19.005000000000 19.005000000000   2.0 2.0
  635  Si  13.575000000000 16.290000000000 19.005000000000   2.0 2.0
  636  Si  13.575000000000 19.005000000000 16.290000000000   2.0 2.0
  637  Si  12.217500000000 17.647500000000 17.647500000000   2.0 2.0
  638  Si  12.217500000000 20.362500000000 20.362500000000   2.0 2.0
  639  Si  14.932500000000 17.647500000000 20.362500000000   2.0 2.0
  640  Si  14.932500000000 20.362500000000 17.647500000000   2.0 2.0
  641  Si  10.860000000000 21.720000000000  0.000000000000   2.0 2.0
  642  Si  10.860000000000 24.435000000000  2.715000000000   2.0 2.0
  643  Si  13.575000000000 21.720000000000  2.715000000000   2.0 2.0
  644  Si  13.575000000000 24.435000000000  0.000000000000   2.0 2.0
  645  Si  12.217500000000 23.077500000000  1.357500000000   2.0 2.0
  646  Si  12.217500000000 25.792500000000  4.072500000000   2.0 2.0
  647  Si  14.932500000000 23.077500000000  4.072500000000   2.0 2.0
  648  Si  14.932500000000 25.792500000000  1.357500000000   2.0 2.0
  649  Si  10.860000000000 21.720000000000  5.430000000000   2.0 2.0
  650  Si  10.860000000000 24.435000000000  8.145000000000   2.0 2.0
  651  Si  13.575000000000 21.720000000000  8.145000000000   2.0 2.0
  652  Si  13.575000000000 24.435000000000  5.430000000000   2.0 2.0
  653  Si  12.217500000000 23.077500000000  6.787500000000   2.0 2.0
  654  Si  12.217500000000 25.792500000000  9.502500000000   2.0 2.0
  655  Si  14.932500000000 23.077500000000  9.502500000000   2.0 2.0
  656  Si  14.932500000000 25.792500000000  6.787500000000   2.0 2.0
  657  Si  10.860000000000 21.720000000000 10.860000000000   2.0 2.0
  658  Si  10.860000000000 24.435000000000 13.575000000000   2.0 2.0
  659  Si  13.575000000000 21.720000000000 13.575000000000   2.0 2.0
  660  Si  13.575000000000 24.435000000000 10.860000000000   2.0 2.0
  661  Si  12.217500000000 23.077500000000 12.217500000000   2.0 2.0
  662  Si  12.217500000000 25.792500000000 14.932500000000   2.0 2.0
  663  Si  14.932500000000 23.077500000000 14.932500000000   2.0 2.0
  664  Si  14.932500000000 25.792500000000 12.217500000000   2.0 2.0
  665  Si  10.860000000000 21.720000000000 16.290000000000   2.0 2.0
  666  Si  10.860000000000 24.435000000000 19.005000000000   2.0 2.0
  667  Si  13.575000000000 21.720000000000 19.005000000000   2.0 2.0
  668  Si  13.575000000000 24.435000000000 16.290000000000   2.0 2.0
  669  Si  12.217500000000 23.077500000000 17.647500000000   2.0 2.0
  670  Si  12.217500000000 25.792500000000 20.362500000000   2.0 2.0
  671  Si  14.932500000000 23.077500000000 20.362500000000   2.0 2.0
  672  Si  14.932500000000 25.792500000000 17.647500000000   2.0 2.0
  673  Si  10.860000000000 27.150000000000  0.000000000000   2.0 2.0
  674  Si  10.860000000000 29.865000000000  2.715000000000   2.0 2.0
  675  Si  13.575000000000 27.150000000000  2.715000000000   2.0 2.0
  676  Si  13.575000000000 29.865000000000  0.000000000000   2.0 2.0
  677  Si  12.217500000000 28.507500000000  1.357500000000   2.0 2.0
  678  Si  12.217500000000 31.222500000000  4.072500000000   2.0 2.0
  679  Si  14.932500000000 28.507500000000  4.072500000000   2.0 2.0
  680  Si  14.932500000000 31.222500000000  1.357500000000   2.0 2.0
  681  Si  10.860000000000 27.150000000000  5.430000000000   2.0 2.0
  682  Si  10.860000000000 29.865000000000  8.145000000000   2.0 2.0
  683  Si  13.575000000000 27.150000000000  8.145000000000   2.0 2.0
  684  Si  13.575000000000 29.865000000000  5.430000000000   2.0 2.0
  685  Si  12.217500000000 28.507500000000  6.787500000000   2.0 2.0
  686  Si  12.217500000000 31.222500000000  9.502500000000   2.0 2.0
  687  Si  14.932500000000 28.507500000000  9.502500000000   2.0 2.0
  688  Si  14.932500000000 31.222500000000  6.787500000000   2.0 2.0
  689  Si  10.860000000000 27.150000000000 10.860000000000   2.0 2.0
  690  Si  10.860000000000 29.865000000000 13.575000000000   2.0 2.0
  691  Si  13.575000000000 27.150000000000 13.575000000000   2.0 2.0
  692  Si  13.575000000000 29.865000000000 10.860000000000   2.0 2.0
  693  Si  12.217500000000 28.507500000000 12.217500000000   2.0 2.0
  694  Si  12.217500000000 31.222500000000 14.932500000000   2.0 2.0
  695  Si  14.932500000000 28.507500000000 14.932500000000   2.0 2.0
  696  Si  14.932500000000 31.222500000000 12.217500000000   2.0 2.0
  697  Si  10.860000000000 27.150000000000 16.290000000000   2.0 2.0
  698  Si  10.860000000000 29.865000000000 19.005000000000   2.0 2.0
  699  Si  13.575000000000 27.150000000000 19.005000000000   2.0 2.0
  700  Si  13.575000000000 29.865000000000 16.290000000000   2.0 2.0
  701  Si  12.217500000000 28.507500000000 17.647500000000   2.0 2.0
  702  Si  12.217500000000 31.222500000000 20.362500000000   2.0 2.0
  703  Si  14.932500000000 28.507500000000 20.362500000000   2.0 2.0
  704  Si  14.932500000000 31.222500000000 17.647500000000   2.0 2.0
  705  Si  10.860000000000 32.580000000000  0.000000000000   2.0 2.0
  706  Si  10.860000000000 35.295000000000  2.715000000000   2.0 2.0
  707  Si  13.575000000000 32.580000000000  2.715000000000   2.0 2.0
  708  Si  13.575000000000 35.295000000000  0.000000000000   2.0 2.0
  709  Si  12.217500000000 33.937500000000  1.357500000000   2.0 2.0
  710  Si  12.217500000000 36.652500000000  4.072500000000   2.0 2.0
  711  Si  14.932500000000 33.937500000000  4.072500000000   2.0 2.0
  712  Si  14.932500000000 36.652500000000  1.357500000000   2.0 2.0
  713  Si  10.860000000000 32.580000000000  5.430000000000   2.0 2.0
  714  Si  10.860000000000 35.295000000000  8.145000000000   2.0 2.0
  715  Si  13.575000000000 32.580000000000  8.145000000000   2.0 2.0
  716  Si  13.575000000000 35.295000000000  5.430000000000   2.0 2.0
  717  Si  12.217500000000 33.937500000000  6.787500000000   2.0 2.0
  718  Si  12.217500000000 36.652500000000  9.502500000000   2.0 2.0
  719  Si  14.932500000000 33.937500000000  9.502500000000   2.0 2.0
  720  Si  14.932500000000 36.652500000000  6.787500000000   2.0 2.0
  721  Si  10.860000000000 32.580000000000 10.860000000000   2.0 2.0
  722  Si  10.860000000000 35.295000000000 13.575000000000   2.0 2.0
  723  Si  13.575000000000 32.580000000000 13.575000000000   2.0 2.0
  724  Si  13.575000000000 35.295000000000 10.860000000000   2.0 2.0
  725  Si  12.217500000000 33.937500000000 12.217500000000   2.0 2.0
  726  Si  12.217500000000 36.652500000000 14.932500000000   2.0 2.0
  727  Si  14.932500000000 33.937500000000 14.932500000000   2.0 2.0
  728  Si  14.932500000000 36.652500000000 12.217500000000   2.0 2.0
  729  Si  10.860000000000 32.580000000000 16.290000000000   2.0 2.0
  730  Si  10.860000000000 35.295000000000 19.005000000000   2.0 2.0
  731  Si  13.575000000000 32.580000000000 19.005000000000   2.0 2.0
  732  Si  13.575000000000 35.295000000000 16.290000000000   2.0 2.0
  733  Si  12.217500000000 33.937500000000 17.647500000000   2.0 2.0
  734  Si  12.217500000000 36.652500000000 20.362500000000   2.0 2.0
  735  Si  14.932500000000 33.937500000000 20.362500000000   2.0 2.0
  736  Si  14.932500000000 36.652500000000 17.647500000000   2.0 2.0
  737  Si  10.860000000000 38.010000000000  0.000000000000   2.0 2.0
  738  Si  10.860000000000 40.725000000000  2.715000000000   2.0 2.0
  739  Si  13.575000000000 38.010000000000  2.715000000000   2.0 2.0
  740  Si  13.575000000000 40.725000000000  0.000000000000   2.0 2.0
  741  Si  12.217500000000 39.367500000000  1.357500000000   2.0 2.0
  742  Si  12.217500000000 42.082500000000  4.072500000000   2.0 2.0
  743  Si  14.932500000000 39.367500000000  4.072500000000   2.0 2.0
  744  Si  14.932500000000 42.082500000000  1.357500000000   2.0 2.0
  745  Si  10.860000000000 38.010000000000  5.430000000000   2.0 2.0
  746  Si  10.860000000000 40.725000000000  8.145000000000   2.0 2.0
  747  Si  13.575000000000 38.010000000000  8.145000000000   2.0 2.0
  748  Si  13.575000000000 40.725000000000  5.430000000000   2.0 2.0
  749  Si  12.217500000000 39.367500000000  6.787500000000   2.0 2.0
  750  Si  12.217500000000 42.082500000000  9.502500000000   2.0 2.0
  751  Si  14.932500000000 39.367500000000  9.502500000000   2.0 2.0
  752  Si  14.932500000000 42.082500000000  6.787500000000   2.0 2.0
  753  Si  10.860000000000 38.010000000000 10.860000000000   2.0 2.0
  754  Si  10.860000000000 40.725000000000 13.575000000000   2.0 2.0
  755  Si  13.575000000000 38.010000000000 13.575000000000   2.0 2.0
  756  Si  13.575000000000 40.725000000000 10.860000000000   2.0 2.0
  757  Si  12.217500000000 39.367500000000 12.217500000000   2.0 2.0
  758  Si  12.217500000000 42.082500000000 14.932500000000   2.0 2.0
  759  Si  14.932500000000 39.367500000000 14.932500000000   2.0 2.0
  760  Si  14.932500000000 42.082500000000 12.217500000000   2.0 2.0
  761  Si  10.860000000000 38.010000000000 16.290000000000   2.0 2.0
  762  Si  10.860000000000 40.725000000000 19.005000000000   2.0 2.0
  763  Si  13.575000000000 38.010000000000 19.005000000000   2.0 2.0
  764  Si  13.575000000000 40.725000000000 16.290000000000   2.0 2.0
  765  Si  12.217500000000 39.367500000000 17.647500000000   2.0 2.0
  766  Si  12.217500000000 42.082500000000 20.362500000000   2.0 2.0
  767  Si  14.932500000000 39.367500000000 20.362500000000   2.0 2.0
  768  Si  14.932500000000 42.082500000000 17.647500000000   2.0 2.0
  769  Si  16.290000000000  0.000000000000  0.000000000000   2.0 2.0
  770  Si  16.290000000000  2.715000000000  2.715000000000   2.0 2.0
  771  Si  19.005000000000  0.000000000000  2.715000000000   2.0 2.0
  772  Si  19.005000000000  2.715000000000  0.000000000000   2.0 2.0
  773  Si  17.647500000000  1.357500000000  1.357500000000   2.0 2.0
  774  Si  17.647500000000  4.072500000000  4.072500000000   2.0 2.0
  775  Si  20.362500000000  1.357500000000  4.072500000000   2.0 2.0
  776  Si  20.362500000000  4.072500000000  1.357500000000   2.0 2.0
  777  Si  16.290000000000  0.000000000000  5.430000000000   2.0 2.0
  778  Si  16.290000000000  2.715000000000  8.145000000000   2.0 2.0
  779  Si  19.005000000000  0.000000000000  8.145000000000   2.0 2.0
  780  Si  19.005000000000  2.715000000000  5.430000000000   2.0 2.0
  781  Si  17.647500000000  1.357500000000  6.787500000000   2.0 2.0
  782  Si  17.647500000000  4.072500000000  9.502500000000   2.0 2.0
  783  Si  20.362500000000  1.357500000000  9.502500000000   2.0 2.0
  784  Si  20.362500000000  4.072500000000  6.787500000000   2.0 2.0
  785  Si  16.290000000000  0.000000000000 10.860000000000   2.0 2.0
  786  Si  16.290000000000  2.715000000000 13.575000000000   2.0 2.0
  787  Si  19.005000000000  0.000000000000 13.575000000000   2.0 2.0
  788  Si  19.005000000000  2.715000000000 10.860000000000   2.0 2.0
  789  Si  17.647500000000  1.357500000000 12.217500000000   2.0 2.0
  790  Si  17.647500000000  4.072500000000 14.932500000000   2.0 2.0
  791  Si  20.362500000000  1.357500000000 14.932500000000   2.0 2.0
  792  Si  20.362500000000  4.072500000000 12.217500000000   2.0 2.0
  793  Si  16.290000000000  0.000000000000 16.290000000000   2.0 2.0
  794  Si  16.290000000000  2.715000000000 19.005000000000   2.0 2.0
  795  Si  19.005000000000  0.000000000000 19.005000000000   2.0 2.0
  796  Si  19.005000000000  2.715000000000 16.290000000000   2.0 2.0
  797  Si  17.647500000000  1.357500000000 17.647500000000   2.0 2.0
  798  Si  17.647500000000  4.072500000000 20.362500000000   2.0 2.0
  799  Si  20.362500000000  1.357500000000 20.362500000000   2.0 2.0
  800  Si  20.362500000000  4.072500000000 17.647500000000   2.0 2.0
  801  Si  16.290000000000  5.430000000000  0.000000000000   2.0 2.0
  802  Si  16.290000000000  8.145000000000  2.715000000000   2.0 2.0
  803  Si  19.005000000000  5.430000000000  2.715000000000   2.0 2.0
  804  Si  19.005000000000  8.145000000000  0.000000000000   2.0 2.0
  805  Si  17.647500000000  6.787500000000  1.357500000000   2.0 2.0
  806  Si  17.647500000000  9.502500000000  4.072500000000   2.0 2.0
  807  Si  20.362500000000  6.787500000000  4.072500000000   2.0 2.0
  808  Si  20.362500000000  9.502500000000  1.357500000000   2.0 2.0
  809  Si  16.290000000000  5.430000000000  5.430000000000   2.0 2.0
  810  Si  16.290000000000  8.145000000000  8.145000000000   2.0 2.0
  811  Si  19.005000000000  5.430000000000  8.145000000000   2.0 2.0
  812  Si  19.005000000000  8.145000000000  5.430000000000   2.0 2.0
  813  Si  17.647500000000  6.787500000000  6.787500000000   2.0 2.0
  814  Si  17.647500000000  9.502500000000  9.502500000000   2.0 2.0
  815  Si  20.362500000000  6.787500000000  9.502500000000   2.0 2.0
  816  Si  20.362500000000  9.502500000000  6.787500000000   2.0 2.0
  817  Si  16.290000000000  5.430000000000 10.860000000000   2.0 2.0
  818  Si  16.290000000000  8.145000000000 13.575000000000   2.0 2.0
  819  Si  19.005000000000  5.430000000000 13.575000000000   2.0 2.0
  820  Si  19.005000000000  8.145000000000 10.860000000000   2.0 2.0
  821  Si  17.647500000000  6.787500000000 12.217500000000   2.0 2.0
  822  Si  17.647500000000  9.502500000000 14.932500000000   2.0 2.0
  823  Si  20.362500000000  6.787500000000 14.932500000000   2.0 2.0
  824  Si  20.362500000000  9.502500000000 12.217500000000   2.0 2.0
  825  Si  16.290000000000  5.430000000000 16.290000000000   2.0 2.0
  826  Si  16.290000000000  8.145000000000 19.005000000000   2.0 2.0
  827  Si  19.005000000000  5.430000000000 19.005000000000   2.0 2.0
  828  Si  19.005000000000  8.145000000000 16.290000000000   2.0 2.0
  829  Si  17.647500000000  6.787500000000 17.647500000000   2.0 2.0
  830  Si  17.647500000000  9.502500000000 20.362500000000   2.0 2.0
  831  Si  20.362500000000  6.787500000000 20.362500000000   2.0 2.0
  832  Si  20.362500000000  9.502500000000 17.647500000000   2.0 2.0
  833  Si  16.290000000000 10.860000000000  0.000000000000   2.0 2.0
  834  Si  16.290000000000 13.575000000000  2.715000000000   2.0 2.0
  835  Si  19.005000000000 10.860000000000  2.715000000000   2.0 2.0
  836  Si  19.005000000000 13.575000000000  0.000000000000   2.0 2.0
  837  Si  17.647500000000 12.217500000000  1.357500000000   2.0 2.0
  838  Si  17.647500000000 14.932500000000  4.072500000000   2.0 2.0
  839  Si  20.362500000000 12.217500000000  4.072500000000   2.0 2.0
  840  Si  20.362500000000 14.932500000000  1.357500000000   2.0 2.0
  841  Si  16.290000000000 10.860000000000  5.430000000000   2.0 2.0
  842  Si  16.290000000000 13.575000000000  8.145000000000   2.0 2.0
  843  Si  19.005000000000 10.860000000000  8.145000000000   2.0 2.0
  844  Si  19.005000000000 13.575000000000  5.430000000000   2.0 2.0
  845  Si  17.647500000000 12.217500000000  6.787500000000   2.0 2.0
  846  Si  17.647500000000 14.932500000000  9.502500000000   2.0 2.0
  847  Si  20.362500000000 12.217500000000  9.502500000000   2.0 2.0
  848  Si  20.362500000000 14.932500000000  6.787500000000   2.0 2.0
  849  Si  16.290000000000 10.860000000000 10.860000000000   2.0 2.0
  850  Si  16.290000000000 13.575000000000 13.575000000000   2.0 2.0
  851  Si  19.005000000000 10.860000000000 13.575000000000   2.0 2.0
  852  Si  19.005000000000 13.575000000000 10.860000000000   2.0 2.0
  853  Si  17.647500000000 12.217500000000 12.217500000000   2.0 2.0
  854  Si  17.647500000000 14.932500000000 14.932500000000   2.0 2.0
  855  Si  20.362500000000 12.217500000000 14.932500000000   2.0 2.0
  856  Si  20.362500000000 14.932500000000 12.217500000000   2.0 2.0
  857  Si  16.290000000000 10.860000000000 16.290000000000   2.0 2.0
  858  Si  16.290000000000 13.575000000000 19.005000000000   2.0 2.0
  859  Si  19.005000000000 10.860000000000 19.005000000000   2.0 2.0
  860  Si  19.005000000000 13.575000000000 16.290000000000   2.0 2.0
  861  Si  17.647500000000 12.217500000000 17.647500000000   2.0 2.0
  862  Si  17.647500000000 14.932500000000 20.362500000000   2.0 2.0
  863  Si  20.362500000000 12.217500000000 20.362500000000   2.0 2.0
  864  Si  20.362500000000 14.932500000000 17.647500000000   2.0 2.0
  865  Si  16.290000000000 16.290000000000  0.000000000000   2.0 2.0
  866  Si  16.290000000000 19.005000000000  2.715000000000   2.0 2.0
  867  Si  19.005000000000 16.290000000000  2.715000000000   2.0 2.0
  868  Si  19.005000000000 19.005000000000  0.000000000000   2.0 2.0
  869  Si  17.647500000000 17.647500000000  1.357500000000   2.0 2.0
  870  Si  17.647500000000 20.362500000000  4.072500000000   2.0 2.0
  871  Si  20.362500000000 17.647500000000  4.072500000000   2.0 2.0
  872  Si  20.362500000000 20.362500000000  1.357500000000   2.0 2.0
  873  Si  16.290000000000 16.290000000000  5.430000000000   2.0 2.0
  874  Si  16.290000000000 19.005000000000  8.145000000000   2.0 2.0
  875  Si  19.005000000000 16.290000000000  8.145000000000   2.0 2.0
  876  Si  19.005000000000 19.005000000000  5.430000000000   2.0 2.0
  877  Si  17.647500000000 17.647500000000  6.787500000000   2.0 2.0
  878  Si  17.647500000000 20.362500000000  9.502500000000   2.0 2.0
  879  Si  20.362500000000 17.647500000000  9.502500000000   2.0 2.0
  880  Si  20.362500000000 20.362500000000  6.787500000000   2.0 2.0
  881  Si  16.290000000000 16.290000000000 10.860000000000   2.0 2.0
  882  Si  16.290000000000 19.005000000000 13.575000000000   2.0 2.0
  883  Si  19.005000000000 16.290000000000 13.575000000000   2.0 2.0
  884  Si  19.005000000000 19.005000000000 10.860000000000   2.0 2.0
  885  Si  17.647500000000 17.647500000000 12.217500000000   2.0 2.0
  886  Si  17.647500000000 20.362500000000 14.932500000000   2.0 2.0
  887  Si  20.362500000000 17.647500000000 14.932500000000   2.0 2.0
  888  Si  20.362500000000 20.362500000000 12.217500000000   2.0 2.0
  889  Si  16.290000000000 16.290000000000 16.290000000000   2.0 2.0
  890  Si  16.290000000000 19.005000000000 19.005000000000   2.0 2.0
  891  Si  19.005000000000 16.290000000000 19.005000000000   2.0 2.0
  892  Si  19.005000000000 19.005000000000 16.290000000000   2.0 2.0
  893  Si  17.647500000000 17.647500000000 17.647500000000   2.0 2.0
  894  Si  17.647500000000 20.362500000000 20.362500000000   2.0 2.0
  895  Si  20.362500000000 17.647500000000 20.362500000000   2.0 2.0
  896  Si  20.362500000000 20.362500000000 17.647500000000   2.0 2.0
  897  Si  16.290000000000 21.720000000000  0.000000000000   2.0 2.0
  898  Si  16.290000000000 24.435000000000  2.715000000000   2.0 2.0
  899  Si  19.005000000000 21.720000000000  2.715000000000   2.0 2.0
  900  Si  19.005000000000 24.435000000000  0.000000000000   2.0 2.0
  901  Si  17.647500000000 23.077500000000  1.357500000000   2.0 2.0
  902  Si  17.647500000000 25.792500000000  4.072500000000   2.0 2.0
  903  Si  20.362500000000 23.077500000000  4.072500000000   2.0 2.0
  904  Si  20.362500000000 25.792500000000  1.357500000000   2.0 2.0
  905  Si  16.290000000000 21.720000000000  5.430000000000   2.0 2.0
  906  Si  16.290000000000 24.435000000000  8.145000000000   2.0 2.0
  907  Si  19.005000000000 21.720000000000  8.145000000000   2.0 2.0
  908  Si  19.005000000000 24.435000000000  5.430000000000   2.0 2.0
  909  Si  17.647500000000 23.077500000000  6.787500000000   2.0 2.0
  910  Si  17.647500000000 25.792500000000  9.502500000000   2.0 2.0
  911  Si  20.362500000000 23.077500000000  9.502500000000   2.0 2.0
  912  Si  20.362500000000 25.792500000000  6.787500000000   2.0 2.0
  913  Si  16.290000000000 21.720000000000 10.860000000000   2.0 2.0
  914  Si  16.290000000000 24.435000000000 13.575000000000   2.0 2.0
  915  Si  19.005000000000 21.720000000000 13.575000000000   2.0 2.0
  916  Si  19.005000000000 24.435000000000 10.860000000000   2.0 2.0
  917  Si  17.647500000000 23.077500000000 12.217500000000   2.0 2.0
  918  Si  17.647500000000 25.792500000000 14.932500000000   2.0 2.0
  919  Si  20.362500000000 23.077500000000 14.932500000000   2.0 2.0
  920  Si  20.362500000000 25.792500000000 12.217500000000   2.0 2.0
  921  Si  16.290000000000 21.720000000000 16.290000000000   2.0 2.0
  922  Si  16.290000000000 24.435000000000 19.005000000000   2.0 2.0
  923  Si  19.005000000000 21.720000000000 19.005000000000   2.0 2.0
  924  Si  19.005000000000 24.435000000000 16.290000000000   2.0 2.0
  925  Si  17.647500000000 23.077500000000 17.647500000000   2.0 2.0
  926  Si  17.647500000000 25.792500000000 20.362500000000   2.0 2.0
  927  Si  20.362500000000 23.077500000000 20.362500000000   2.0 2.0
  928  Si  20.362500000000 25.792500000000 17.647500000000   2.0 2.0
  929  Si  16.290000000000 27.150000000000  0.000000000000   2.0 2.0
  930  Si  16.290000000000 29.865000000000  2.715000000000   2.0 2.0
  931  Si  19.005000000000 27.150000000000  2.715000000000   2.0 2.0
  932  Si  19.005000000000 29.865000000000  0.000000000000   2.0 2.0
  933  Si  17.647500000000 28.507500000000  1.357500000000   2.0 2.0
  934  Si  17.647500000000 31.222500000000  4.072500000000   2.0 2.0
  935  Si  20.362500000000 28.507500000000  4.072500000000   2.0 2.0
  936  Si  20.362500000000 31.222500000000  1.357500000000   2.0 2.0
  937  Si  16.290000000000 27.150000000000  5.430000000000   2.0 2.0
  938  Si  16.290000000000 29.865000000000  8.145000000000   2.0 2.0
  939  Si  19.005000000000 27.150000000000  8.145000000000   2.0 2.0
  940  Si  19.005000000000 29.865000000000  5.430000000000   2.0 2.0
  941  Si  17.647500000000 28.507500000000  6.787500000000   2.0 2.0
  942  Si  17.647500000000 31.222500000000  9.502500000000   2.0 2.0
  943  Si  20.362500000000 28.507500000000  9.502500000000   2.0 2.0
  944  Si  20.362500000000 31.222500000000  6.787500000000   2.0 2.0
  945  Si  16.290000000000 27.150000000000 10.860000000000   2.0 2.0
  946  Si  16.290000000000 29.865000000000 13.575000000000   2.0 2.0
  947  Si  19.005000000000 27.150000000000 13.575000000000   2.0 2.0
  948  Si  19.005000000000 29.865000000000 10.860000000000   2.0 2.0
  949  Si  17.647500000000 28.507500000000 12.217500000000   2.0 2.0
  950  Si  17.647500000000 31.222500000000 14.932500000000   2.0 2.0
  951  Si  20.362500000000 28.507500000000 14.932500000000   2.0 2.0
  952  Si  20.362500000000 31.222500000000 12.217500000000   2.0 2.0
  953  Si  16.290000000000 27.150000000000 16.290000000000   2.0 2.0
  954  Si  16.290000000000 29.865000000000 19.005000000000   2.0 2.0
  955  Si  19.005000000000 27.150000000000 19.005000000000   2.0 2.0
  956  Si  19.005000000000 29.865000000000 16.290000000000   2.0 2.0
  957  Si  17.647500000000 28.507500000000 17.647500000000   2.0 2.0
  958  Si  17.647500000000 31.222500000000 20.362500000000   2.0 2.0
  959  Si  20.362500000000 28.507500000000 20.362500000000   2.0 2.0
  960  Si  20.362500000000 31.222500000000 17.647500000000   2.0 2.0
  961  Si  16.290000000000 32.580000000000  0.000000000000   2.0 2.0
  962  Si  16.290000000000 35.295000000000  2.715000000000   2.0 2.0
  963  Si  19.005000000000 32.580000000000  2.715000000000   2.0 2.0
  964  Si  19.005000000000 35.295000000000  0.000000000000   2.0 2.0
  965  Si  17.647500000000 33.937500000000  1.357500000000   2.0 2.0
  966  Si  17.647500000000 36.652500000000  4.072500000000   2.0 2.0
  967  Si  20.362500000000 33.937500000000  4.072500000000   2.0 2.0
  968  Si  20.362500000000 36.652500000000  1.357500000000   2.0 2.0
  969  Si  16.290000000000 32.580000000000  5.430000000000   2.0 2.0
  970  Si  16.290000000000 35.295000000000  8.145000000000   2.0 2.0
  971  Si  19.005000000000 32.580000000000  8.145000000000   2.0 2.0
  972  Si  19.005000000000 35.295000000000  5.430000000000   2.0 2.0
  973  Si  17.647500000000 33.937500000000  6.787500000000   2.0 2.0
  974  Si  17.647500000000 36.652500000000  9.502500000000   2.0 2.0
  975  Si  20.362500000000 33.937500000000  9.502500000000   2.0 2.0
  976  Si  20.362500000000 36.652500000000  6.787500000000   2.0 2.0
  977  Si  16.290000000000 32.580000000000 10.860000000000   2.0 2.0
  978  Si  16.290000000000 35.295000000000 13.575000000000   2.0 2.0
  979  Si  19.005000000000 32.580000000000 13.575000000000   2.0 2.0
  980  Si  19.005000000000 35.295000000000 10.860000000000   2.0 2.0
  981  Si  17.647500000000 33.937500000000 12.217500000000   2.0 2.0
  982  Si  17.647500000000 36.652500000000 14.932500000000   2.0 2.0
  983  Si  20.362500000000 33.937500000000 14.932500000000   2.0 2.0
  984  Si  20.362500000000 36.652500000000 12.217500000000   2.0 2.0
  985  Si  16.290000000000 32.580000000000 16.290000000000   2.0 2.0
  986  Si  16.290000000000 35.295000000000 19.005000000000   2.0 2.0
  987  Si  19.005000000000 32.580000000000 19.005000000000   2.0 2.0
  988  Si  19.005000000000 35.295000000000 16.290000000000   2.0 2.0
  989  Si  17.647500000000 33.937500000000 17.647500000000   2.0 2.0
  990  Si  17.647500000000 36.652500000000 20.362500000000   2.0 2.0
  991  Si  20.362500000000 33.937500000000 20.362500000000   2.0 2.0
  992  Si  20.362500000000 36.652500000000 17.647500000000   2.0 2.0
  993  Si  16.290000000000 38.010000000000  0.000000000000   2.0 2.0
  994  Si  16.290000000000 40.725000000000  2.715000000000   2.0 2.0
  995  Si  19.005000000000 38.010000000000  2.715000000000   2.0 2.0
  996  Si  19.005000000000 40.725000000000  0.000000000000   2.0 2.0
  997  Si  17.647500000000 39.367500000000  1.357500000000   2.0 2.0
  998  Si  17.647500000000 42.082500000000  4.072500000000   2.0 2.0
  999  Si  20.362500000000 39.367500000000  4.072500000000   2.0 2.0
 1000  Si  20.362500000000 42.082500000000  1.357500000000   2.0 2.0
 1001  Si  16.290000000000 38.010000000000  5.430000000000   2.0 2.0
 1002  Si  16.290000000000 40.725000000000  8.145000000000   2.0 2.0
 1003  Si  19.005000000000 38.010000000000  8.145000000000   2.0 2.0
 1004  Si  19.005000000000 40.725000000000  5.430000000000   2.0 2.0
 1005  Si  17.647500000000 39.367500000000  6.787500000000   2.0 2.0
 1006  Si  17.647500000000 42.082500000000  9.502500000000   2.0 2.0
 1007  Si  20.362500000000 39.367500000000  9.502500000000   2.0 2.0
 1008  Si  20.362500000000 42.082500000000  6.787500000000   2.0 2.0
 1009  Si  16.290000000000 38.010000000000 10.860000000000   2.0 2.0
 1010  Si  16.290000000000 40.725000000000 13.575000000000   2.0 2.0
 1011  Si  19.005000000000 38.010000000000 13.575000000000   2.0 2.0
 1012  Si  19.005000000000 40.725000000000 10.860000000000   2.0 2.0
 1013  Si  17.647500000000 39.367500000000 12.217500000000   2.0 2.0
 1014  Si  17.647500000000 42.082500000000 14.932500000000   2.0 2.0
 1015  Si  20.362500000000 39.367500000000 14.932500000000   2.0 2.0
 1016  Si  20.362500000000 42.082500000000 12.217500000000   2.0 2.0
 1017  Si  16.290000000000 38.010000000000 16.290000000000   2.0 2.0
 1018  Si  16.290000000000 40.725000000000 19.005000000000   2.0 2.0
 1019  Si  19.005000000000 38.010000000000 19.005000000000   2.0 2.0
 1020  Si  19.005000000000 40.725000000000 16.290000000000   2.0 2.0
 1021  Si  17.647500000000 39.367500000000 17.647500000000   2.0 2.0
 1022  Si  17.647500000000 42.082500000000 20.362500000000   2.0 2.0
 1023  Si  20.362500000000 39.367500000000 20.362500000000   2.0 2.0
 1024  Si  20.362500000000 42.082500000000 17.647500000000   2.0 2.0
 1025  Si  21.720000000000  0.000000000000  0.000000000000   2.0 2.0
 1026  Si  21.720000000000  2.715000000000  2.715000000000   2.0 2.0
 1027  Si  24.435000000000  0.000000000000  2.715000000000   2.0 2.0
 1028  Si  24.435000000000  2.715000000000  0.000000000000   2.0 2.0
 1029  Si  23.077500000000  1.357500000000  1.357500000000   2.0 2.0
 1030  Si  23.077500000000  4.072500000000  4.072500000000   2.0 2.0
 1031  Si  25.792500000000  1.357500000000  4.072500000000   2.0 2.0
 1032  Si  25.792500000000  4.072500000000  1.357500000000   2.0 2.0
 1033  Si  21.720000000000  0.000000000000  5.430000000000   2.0 2.0
 1034  Si  21.720000000000  2.715000000000  8.145000000000   2.0 2.0
 1035  Si  24.435000000000  0.000000000000  8.145000000000   2.0 2.0
 1036  Si  24.435000000000  2.715000000000  5.430000000000   2.0 2.0
 1037  Si  23.077500000000  1.357500000000  6.787500000000   2.0 2.0
 1038  Si  23.077500000000  4.072500000000  9.502500000000   2.0 2.0
 1039  Si  25.792500000000  1.357500000000  9.502500000000   2.0 2.0
 1040  Si  25.792500000000  4.072500000000  6.787500000000   2.0 2.0
 1041  Si  21.720000000000  0.000000000000 10.860000000000   2.0 2.0
 1042  Si  21.720000000000  2.715000000000 13.575000000000   2.0 2.0
 1043  Si  24.435000000000  0.000000000000 13.575000000000   2.0 2.0
 1044  Si  24.435000000000  2.715000000000 10.860000000000   2.0 2.0
 1045  Si  23.077500000000  1.357500000000 12.217500000000   2.0 2.0
 1046  Si  23.077500000000  4.072500000000 14.932500000000   2.0 2.0
 1047  Si  25.792500000000  1.357500000000 14.932500000000   2.0 2.0
 1048  Si  25.792500000000  4.072500000000 12.217500000000   2.0 2.0
 1049  Si  21.720000000000  0.000000000000 16.290000000000   2.0 2.0
 1050  Si  21.720000000000  2.715000000000 19.005000000000   2.0 2.0
 1051  Si  24.435000000000  0.000000000000 19.005000000000   2.0 2.0
 1052  Si  24.435000000000  2.715000000000 16.290000000000   2.0 2.0
 1053  Si  23.077500000000  1.357500000000 17.647500000000   2.0 2.0
 1054  Si  23.077500000000  4.072500000000 20.362500000000   2.0 2.0
 1055  Si  25.792500000000  1.357500000000 20.362500000000   2.0 2.0
 1056  Si  25.792500000000  4.072500000000 17.647500000000   2.0 2.0
 1057  Si  21.720000000000  5.430000000000  0.000000000000   2.0 2.0
 1058  Si  21.720000000000  8.145000000000  2.715000000000   2.0 2.0
 1059  Si  24.435000000000  5.430000000000  2.715000000000   2.0 2.0
 1060  Si  24.435000000000  8.145000000000  0.000000000000   2.0 2.0
 1061  Si  23.077500000000  6.787500000000  1.357500000000   2.0 2.0
 1062  Si  23.077500000000  9.502500000000  4.072500000000   2.0 2.0
 1063  Si  25.792500000000  6.787500000000  4.072500000000   2.0 2.0
 1064  Si  25.792500000000  9.502500000000  1.357500000000   2.0 2.0
 1065  Si  21.720000000000  5.430000000000  5.430000000000   2.0 2.0
 1066  Si  21.720000000000  8.145000000000  8.145000000000   2.0 2.0
 1067  Si  24.435000000000  5.430000000000  8.145000000000   2.0 2.0
 1068  Si  24.435000000000  8.145000000000  5.430000000000   2.0 2.0
 1069  Si  23.077500000000  6.787500000000  6.787500000000   2.0 2.0
 1070  Si  23.077500000000  9.502500000000  9.502500000000   2.0 2.0
 1071  Si  25.792500000000  6.787500000000  9.502500000000   2.0 2.0
 1072  Si  25.792500000000  9.502500000000  6.787500000000   2.0 2.0
 1073  Si  21.720000000000  5.430000000000 10.860000000000   2.0 2.0
 1074  Si  21.720000000000  8.145000000000 13.575000000000   2.0 2.0
 1075  Si  24.435000000000  5.430000000000 13.575000000000   2.0 2.0
 1076  Si  24.435000000000  8.145000000000 10.860000000000   2.0 2.0
 1077  Si  23.077500000000  6.787500000000 12.217500000000   2.0 2.0
 1078  Si  23.077500000000  9.502500000000 14.932500000000   2.0 2.0
 1079  Si  25.792500000000  6.787500000000 14.932500000000   2.0 2.0
 1080  Si  25.792500000000  9.502500000000 12.217500000000   2.0 2.0
 1081  Si  21.720000000000  5.430000000000 16.290000000000   2.0 2.0
 1082  Si  21.720000000000  8.145000000000 19.005000000000   2.0 2.0
 1083  Si  24.435000000000  5.430000000000 19.005000000000   2.0 2.0
 1084  Si  24.435000000000  8.145000000000 16.290000000000   2.0 2.0
 1085  Si  23.077500000000  6.787500000000 17.647500000000   2.0 2.0
 1086  Si  23.077500000000  9.502500000000 20.362500000000   2.0 2.0
 1087  Si  25.792500000000  6.787500000000 20.362500000000   2.0 2.0
 1088  Si  25.792500000000  9.502500000000 17.647500000000   2.0 2.0
 1089  Si  21.720000000000 10.860000000000  0.000000000000   2.0 2.0
 1090  Si  21.720000000000 13.575000000000  2.715000000000   2.0 2.0
 1091  Si  24.435000000000 10.860000000000  2.715000000000   2.0 2.0
 1092  Si  24.435000000000 13.575000000000  0.000000000000   2.0 2.0
 1093  Si  23.077500000000 12.217500000000  1.357500000000   2.0 2.0
 1094  Si  23.077500000000 14.932500000000  4.072500000000   2.0 2.0
 1095  Si  25.792500000000 12.217500000000  4.072500000000   2.0 2.0
 1096  Si  25.792500000000 14.932500000000  1.357500000000   2.0 2.0
 1097  Si  21.720000000000 10.860000000000  5.430000000000   2.0 2.0
 1098  Si  21.720000000000 13.575000000000  8.145000000000   2.0 2.0
 1099  Si  24.435000000000 10.860000000000  8.145000000000   2.0 2.0
 1100  Si  24.435000000000 13.575000000000  5.430000000000   2.0 2.0
 1101  Si  23.077500000000 12.217500000000  6.787500000000   2.0 2.0
 1102  Si  23.077500000000 14.932500000000  9.502500000000   2.0 2.0
 1103  Si  25.792500000000 12.217500000000  9.502500000000   2.0 2.0
 1104  Si  25.792500000000 14.932500000000  6.787500000000   2.0 2.0
 1105  Si  21.720000000000 10.860000000000 10.860000000000   2.0 2.0
 1106  Si  21.720000000000 13.575000000000 13.575000000000   2.0 2.0
 1107  Si  24.435000000000 10.860000000000 13.575000000000   2.0 2.0
 1108  Si  24.435000000000 13.575000000000 10.860000000000   2.0 2.0
 1109  Si  23.077500000000 12.217500000000 12.217500000000   2.0 2.0
 1110  Si  23.077500000000 14.932500000000 14.932500000000   2.0 2.0
 1111  Si  25.792500000000 12.217500000000 14.932500000000   2.0 2.0
 1112  Si  25.792500000000 14.932500000000 12.217500000000   2.0 2.0
 1113  Si  21.720000000000 10.860000000000 16.290000000000   2.0 2.0
 1114  Si  21.720000000000 13.575000000000 19.005000000000   2.0 2.0
 1115  Si  24.435000000000 10.860000000000 19.005000000000   2.0 2.0
 1116  Si  24.435000000000 13.575000000000 16.290000000000   2.0 2.0
 1117  Si  23.077500000000 12.217500000000 17.647500000000   2.0 2.0
 1118  Si  23.077500000000 14.932500000000 20.362500000000   2.0 2.0
 1119  Si  25.792500000000 12.217500000000 20.362500000000   2.0 2.0
 1120  Si  25.792500000000 14.932500000000 17.647500000000   2.0 2.0
 1121  Si  21.720000000000 16.290000000000  0.000000000000   2.0 2.0
 1122  Si  21.720000000000 19.005000000000  2.715000000000   2.0 2.0
 1123  Si  24.435000000000 16.290000000000  2.715000000000   2.0 2.0
 1124  Si  24.435000000000 19.005000000000  0.000000000000   2.0 2.0
 1125  Si  23.077500000000 17.647500000000  1.357500000000   2.0 2.0
 1126  Si  23.077500000000 20.362500000000  4.072500000000   2.0 2.0
 1127  Si  25.792500000000 17.647500000000  4.072500000000   2.0 2.0
 1128  Si  25.792500000000 20.362500000000  1.357500000000   2.0 2.0
 1129  Si  21.720000000000 16.290000000000  5.430000000000   2.0 2.0
 1130  Si  21.720000000000 19.005000000000  8.145000000000   2.0 2.0
 1131  Si  24.435000000000 16.290000000000  8.145000000000   2.0 2.0
 1132  Si  24.435000000000 19.005000000000  5.430000000000   2.0 2.0
 1133  Si  23.077500000000 17.647500000000  6.787500000000   2.0 2.0
 1134  Si  23.077500000000 20.362500000000  9.502500000000   2.0 2.0
 1135  Si  25.792500000000 17.647500000000  9.502500000000   2.0 2.0
 1136  Si  25.792500000000 20.362500000000  6.787500000000   2.0 2.0
 1137  Si  21.720000000000 16.290000000000 10.860000000000   2.0 2.0
 1138  Si  21.720000000000 19.005000000000 13.575000000000   2.0 2.0
 1139  Si  24.435000000000 16.290000000000 13.575000000000   2.0 2.0
 1140  Si  24.435000000000 19.005000000000 10.860000000000   2.0 2.0
 1141  Si  23.077500000000 17.647500000000 12.217500000000   2.0 2.0
 1142  Si  23.077500000000 20.362500000000 14.932500000000   2.0 2.0
 1143  Si  25.792500000000 17.647500000000 14.932500000000   2.0 2.0
 1144  Si  25.792500000000 20.362500000000 12.217500000000   2.0 2.0
 1145  Si  21.720000000000 16.290000000000 16.290000000000   2.0 2.0
 1146  Si  21.720000000000 19.005000000000 19.005000000000   2.0 2.0
 1147  Si  24.435000000000 16.290000000000 19.005000000000   2.0 2.0
 1148  Si  24.435000000000 19.005000000000 16.290000000000   2.0 2.0
 1149  Si  23.077500000000 17.647500000000 17.647500000000   2.0 2.0
 1150  Si  23.077500000000 20.362500000000 20.362500000000   2.0 2.0
 1151  Si  25.792500000000 17.647500000000 20.362500000000   2.0 2.0
 1152  Si  25.792500000000 20.362500000000 17.647500000000   2.0 2.0
 1153  Si  21.720000000000 21.720000000000  0.000000000000   2.0 2.0
 1154  Si  21.720000000000 24.435000000000  2.715000000000   2.0 2.0
 1155  Si  24.435000000000 21.720000000000  2.715000000000   2.0 2.0
 1156  Si  24.435000000000 24.435000000000  0.000000000000   2.0 2.0
 1157  Si  23.077500000000 23.077500000000  1.357500000000   2.0 2.0
 1158  Si  23.077500000000 25.792500000000  4.072500000000   2.0 2.0
 1159  Si  25.792500000000 23.077500000000  4.072500000000   2.0 2.0
 1160  Si  25.792500000000 25.792500000000  1.357500000000   2.0 2.0
 1161  Si  21.720000000000 21.720000000000  5.430000000000   2.0 2.0
 1162  Si  21.720000000000 24.435000000000  8.145000000000   2.0 2.0
 1163  Si  24.435000000000 21.720000000000  8.145000000000   2.0 2.0
 1164  Si  24.435000000000 24.435000000000  5.430000000000   2.0 2.0
 1165  Si  23.077500000000 23.077500000000  6.787500000000   2.0 2.0
 1166  Si  23.077500000000 25.792500000000  9.502500000000   2.0 2.0
 1167  Si  25.792500000000 23.077500000000  9.502500000000   2.0 2.0
 1168  Si  25.792500000000 25.792500000000  6.787500000000   2.0 2.0
 1169  Si  21.720000000000 21.720000000000 10.860000000000   2.0 2.0
 1170  Si  21.720000000000 24.435000000000 13.575000000000   2.0 2.0
 1171  Si  24.435000000000 21.720000000000 13.575000000000   2.0 2.0
 1172  Si  24.435000000000 24.435000000000 10.860000000000   2.0 2.0
 1173  Si  23.077500000000 23.077500000000 12.217500000000   2.0 2.0
 1174  Si  23.077500000000 25.792500000000 14.932500000000   2.0 2.0
 1175  Si  25.792500000000 23.077500000000 14.932500000000   2.0 2.0
 1176  Si  25.792500000000 25.792500000000 12.217500000000   2.0 2.0
 1177  Si  21.720000000000 21.720000000000 16.290000000000   2.0 2.0
 1178  Si  21.720000000000 24.435000000000 19.005000000000   2.0 2.0
 1179  Si  24.435000000000 21.720000000000 19.005000000000   2.0 2.0
 1180  Si  24.435000000000 24.435000000000 16.290000000000   2.0 2.0
 1181  Si  23.077500000000 23.077500000000 17.647500000000   2.0 2.0
 1182  Si  23.077500000000 25.792500000000 20.362500000000   2.0 2.0
 1183  Si  25.792500000000 23.077500000000 20.362500000000   2.0 2.0
 1184  Si  25.792500000000 25.792500000000 17.647500000000   2.0 2.0
 1185  Si  21.720000000000 27.150000000000  0.000000000000   2.0 2.0
 1186  Si  21.720000000000 29.865000000000  2.715000000000   2.0 2.0
 1187  Si  24.435000000000 27.150000000000  2.715000000000   2.0 2.0
 1188  Si  24.435000000000 29.865000000000  0.000000000000   2.0 2.0
 1189  Si  23.077500000000 28.507500000000  1.357500000000   2.0 2.0
 1190  Si  23.077500000000 31.222500000000  4.072500000000   2.0 2.0
 1191  Si  25.792500000000 28.507500000000  4.072500000000   2.0 2.0
 1192  Si  25.792500000000 31.222500000000  1.357500000000   2.0 2.0
 1193  Si  21.720000000000 27.150000000000  5.430000000000   2.0 2.0
 1194  Si  21.720000000000 29.865000000000  8.145000000000   2.0 2.0
 1195  Si  24.435000000000 27.150000000000  8.145000000000   2.0 2.0
 1196  Si  24.435000000000 29.865000000000  5.430000000000   2.0 2.0
 1197  Si  23.077500000000 28.507500000000  6.787500000000   2.0 2.0
 1198  Si  23.077500000000 31.222500000000  9.502500000000   2.0 2.0
 1199  Si  25.792500000000 28.507500000000  9.502500000000   2.0 2.0
 1200  Si  25.792500000000 31.222500000000  6.787500000000   2.0 2.0
 1201  Si  21.720000000000 27.150000000000 10.860000000000   2.0 2.0
 1202  Si  21.720000000000 29.865000000000 13.575000000000   2.0 2.0
 1203  Si  24.435000000000 27.150000000000 13.575000000000   2.0 2.0
 1204  Si  24.435000000000 29.865000000000 10.860000000000   2.0 2.0
 1205  Si  23.077500000000 28.507500000000 12.217500000000   2.0 2.0
 1206  Si  23.077500000000 31.222500000000 14.932500000000   2.0 2.0
 1207  Si  25.792500000000 28.507500000000 14.932500000000   2.0 2.0
 1208  Si  25.792500000000 31.222500000000 12.217500000000   2.0 2.0
 1209  Si  21.720000000000 27.150000000000 16.290000000000   2.0 2.0
 1210  Si  21.720000000000 29.865000000000 19.005000000000   2.0 2.0
 1211  Si  24.435000000000 27.150000000000 19.005000000000   2.0 2.0
 1212  Si  24.435000000000 29.865000000000 16.290000000000   2.0 2.0
 1213  Si  23.077500000000 28.507500000000 17.647500000000   2.0 2.0
 1214  Si  23.077500000000 31.222500000000 20.362500000000   2.0 2.0
 1215  Si  25.792500000000 28.507500000000 20.362500000000   2.0 2.0
 1216  Si  25.792500000000 31.222500000000 17.647500000000   2.0 2.0
 1217  Si  21.720000000000 32.580000000000  0.000000000000   2.0 2.0
 1218  Si  21.720000000000 35.295000000000  2.715000000000   2.0 2.0
 1219  Si  24.435000000000 32.580000000000  2.715000000000   2.0 2.0
 1220  Si  24.435000000000 35.295000000000  0.000000000000   2.0 2.0
 1221  Si  23.077500000000 33.937500000000  1.357500000000   2.0 2.0
 1222  Si  23.077500000000 36.652500000000  4.072500000000   2.0 2.0
 1223  Si  25.792500000000 33.937500000000  4.072500000000   2.0 2.0
 1224  Si  25.792500000000 36.652500000000  1.357500000000   2.0 2.0
 1225  Si  21.720000000000 32.580000000000  5.430000000000   2.0 2.0
 1226  Si  21.720000000000 35.295000000000  8.145000000000   2.0 2.0
 1227  Si  24.435000000000 32.580000000000  8.145000000000   2.0 2.0
 1228  Si  24.435000000000 35.295000000000  5.430000000000   2.0 2.0
 1229  Si  23.077500000000 33.937500000000  6.787500000000   2.0 2.0
 1230  Si  23.077500000000 36.652500000000  9.502500000000   2.0 2.0
 1231  Si  25.792500000000 33.937500000000  9.502500000000   2.0 2.0
 1232  Si  25.792500000000 36.652500000000  6.787500000000   2.0 2.0
 1233  Si  21.720000000000 32.580000000000 10.860000000000   2.0 2.0
 1234  Si  21.720000000000 35.295000000000 13.575000000000   2.0 2.0
 1235  Si  24.435000000000 32.580000000000 13.575000000000   2.0 2.0
 1236  Si  24.435000000000 35.295000000000 10.860000000000   2.0 2.0
 1237  Si  23.077500000000 33.937500000000 12.217500000000   2.0 2.0
 1238  Si  23.077500000000 36.652500000000 14.932500000000   2.0 2.0
 1239  Si  25.792500000000 33.937500000000 14.932500000000   2.0 2.0
 1240  Si  25.792500000000 36.652500000000 12.217500000000   2.0 2.0
 1241  Si  21.720000000000 32.580000000000 16.290000000000   2.0 2.0
 1242  Si  21.720000000000 35.295000000000 19.005000000000   2.0 2.0
 1243  Si  24.435000000000 32.580000000000 19.005000000000   2.0 2.0
 1244  Si  24.435000000000 35.295000000000 16.290000000000   2.0 2.0
 1245  Si  23.077500000000 33.937500000000 17.647500000000   2.0 2.0
 1246  Si  23.077500000000 36.652500000000 20.362500000000   2.0 2.0
 1247  Si  25.792500000000 33.937500000000 20.362500000000   2.0 2.0
 1248  Si  25.792500000000 36.652500000000 17.647500000000   2.0 2.0
 1249  Si  21.720000000000 38.010000000000  0.000000000000   2.0 2.0
 1250  Si  21.720000000000 40.725000000000  2.715000000000   2.0 2.0
 1251  Si  24.435000000000 38.010000000000  2.715000000000   2.0 2.0
 1252  Si  24.435000000000 40.725000000000  0.000000000000   2.0 2.0
 1253  Si  23.077500000000 39.367500000000  1.357500000000   2.0 2.0
 1254  Si  23.077500000000 42.082500000000  4.072500000000   2.0 2.0
 1255  Si  25.792500000000 39.367500000000  4.072500000000   2.0 2.0
 1256  Si  25.792500000000 42.082500000000  1.357500000000   2.0 2.0
 1257  Si  21.720000000000 38.010000000000  5.430000000000   2.0 2.0
 1258  Si  21.720000000000 40.725000000000  8.145000000000   2.0 2.0
 1259  Si  24.435000000000 38.010000000000  8.145000000000   2.0 2.0
 1260  Si  24.435000000000 40.725000000000  5.430000000000   2.0 2.0
 1261  Si  23.077500000000 39.367500000000  6.787500000000   2.0 2.0
 1262  Si  23.077500000000 42.082500000000  9.502500000000   2.0 2.0
 1263  Si  25.792500000000 39.367500000000  9.502500000000   2.0 2.0
 1264  Si  25.792500000000 42.082500000000  6.787500000000   2.0 2.0
 1265  Si  21.720000000000 38.010000000000 10.860000000000   2.0 2.0
 1266  Si  21.720000000000 40.725000000000 13.575000000000   2.0 2.0
 1267  Si  24.435000000000 38.010000000000 13.575000000000   2.0 2.0
 1268  Si  24.435000000000 40.725000000000 10.860000000000   2.0 2.0
 1269  Si  23.077500000000 39.367500000000 12.217500000000   2.0 2.0
 1270  Si  23.077500000000 42.082500000000 14.932500000000   2.0 2.0
 1271  Si  25.792500000000 39.367500000000 14.932500000000   2.0 2.0
 1272  Si  25.792500000000 42.082500000000 12.217500000000   2.0 2.0
 1273  Si  21.720000000000 38.010000000000 16.290000000000   2.0 2.0
 1274  Si  21.720000000000 40.725000000000 19.005000000000   2.0 2.0
 1275  Si  24.435000000000 38.010000000000 19.005000000000   2.0 2.0
 1276  Si  24.435000000000 40.725000000000 16.290000000000   2.0 2.0
 1277  Si  23.077500000000 39.367500000000 17.647500000000   2.0 2.0
 1278  Si  23.077500000000 42.082500000000 20.362500000000   2.0 2.0
 1279  Si  25.792500000000 39.367500000000 20.362500000000   2.0 2.0
 1280  Si  25.792500000000 42.082500000000 17.647500000000   2.0 2.0
Atoms.SpeciesAndCoordinates>
Atoms.UnitVectors.Unit             Ang # Ang|AU
<Atoms.UnitVectors                     
27.150000000000  0.000000000000  0.000000000000
 0.000000000000 43.440000000000  0.000000000000
 0.000000000000  0.000000000000 21.720000000000
Atoms.UnitVectors>


#
# SCF or Electronic System
#

scf.XcType                 GGA-PBE     # LDA|LSDA-CA|LSDA-PW|GGA-PBE
scf.SpinPolarization        off        # On|Off|NC
scf.ElectronicTemperature  300.0       # default=300 (K)
scf.energycutoff           180.0       # default=150 (Ry)
scf.maxIter                  3         # default=40
scf.EigenvalueSolver      dc-lno       # DC|GDC|Cluster|Band
scf.Kgrid                 1 1 1        # means n1 x n2 x n3
scf.ProExpn.VNA             off        # default=on 
scf.Mixing.Type           rmm-diisk    # Simple|Rmm-Diis|Gr-Pulay|Kerker|Rmm-Diisk
scf.Init.Mixing.Weight     0.10        # default=0.30 
scf.Min.Mixing.Weight      0.001       # default=0.001 
scf.Max.Mixing.Weight      0.400       # default=0.40 
scf.Mixing.History          10         # default=5
scf.Mixing.StartPulay       12         # default=6
scf.Mixing.EveryPulay       1          # default=5
scf.criterion             1.0e-16       # default=1.0e-6 (Hartree) 
 
#
# SCF Order-N
#

orderN.HoppingRanges      11.3       # default=5.0 (Ang) 

#
# MD or Geometry Optimization
#

#
# MD or Geometry Optimization
#

MD.Type                     nomd       # Nomd|Constant_Energy_MD|Opt
                                       # Constraint_Opt|DIIS2|Constraint_DIIS2
MD.maxIter                 5000        # default=1
MD.TimeStep                2.0         # default=0.5 (fs)
<MD.TempControl
  1 
 10000  10  3500.0  0.2
MD.TempControl>
