# NPT_VS_PR TimeStep=2.067055e+01 MassBarostat=1.000000e+00
#  1:iter 2:L  3:Temp    4:Stress   5:Utot   6:Ukc    7:Ubaro  8:Wbaro    9:Hamilton
   1 10.023185 3000.000000 +0.001013 -32.105128 0.114004 0.003440 0.100000 -31.887683
   2 10.068639 2970.907336 +0.000971 -32.111742 0.112899 0.013222 0.100697 -31.884924
   3 10.134562 2914.531413 +0.000888 -32.123625 0.110756 0.027811 0.102073 -31.882985
   4 10.218733 2835.931464 +0.000787 -32.139080 0.107769 0.045339 0.104091 -31.881880
   5 10.318990 2739.246645 +0.000690 -32.156581 0.104095 0.064325 0.106707 -31.881455
   6 10.432642 2626.345353 +0.000573 -32.174442 0.099805 0.082661 0.109878 -31.882098
   7 10.556974 2505.375069 +0.000458 -32.190882 0.095208 0.098927 0.113549 -31.883199
   8 10.689125 2378.067231 +0.000341 -32.204829 0.090370 0.111760 0.117657 -31.885042
   9 10.825927 2248.993084 +0.000221 -32.214775 0.085465 0.119767 0.122131 -31.887412
  10 10.964613 2121.404168 +0.000111 -32.219918 0.080616 0.123086 0.126881 -31.889336
  11 11.102312 2419.841291 +0.000012 -32.220077 0.091957 0.121343 0.131820 -31.874957
  12 11.238983 2295.723455 +0.000037 -32.214987 0.087241 0.119535 0.136849 -31.871363
  13 11.383736 2240.645392 +0.000467 -32.224480 0.085148 0.134093 0.141965 -31.863274
  14 11.534589 2185.702246 +0.000396 -32.242360 0.083060 0.145632 0.147521 -31.866147
  15 11.689127 2128.260609 +0.000308 -32.255513 0.080877 0.152834 0.153464 -31.868339
  16 11.844855 2069.159859 +0.000220 -32.264125 0.078631 0.155195 0.159715 -31.870584
  17 11.999976 2010.348147 +0.000160 -32.268888 0.076396 0.153988 0.166184 -31.872320
  18 12.152579 1952.649684 +0.000097 -32.270016 0.074203 0.149030 0.172799 -31.873984
  19 12.301278 1896.539021 +0.000055 -32.268239 0.072071 0.141503 0.179476 -31.875189
  20 12.445107 1842.641874 +0.000018 -32.264100 0.070023 0.132385 0.186145 -31.875547
  21 12.582968 2354.541439 -0.000013 -32.258161 0.089476 0.121626 0.192751 -31.854309
  22 12.713886 2291.247143 -0.000039 -32.250725 0.087071 0.109685 0.199227 -31.854742
  23 12.837092 2231.110220 -0.000058 -32.242410 0.084785 0.097143 0.205511 -31.854971
  24 12.951824 2174.015231 -0.000077 -32.233450 0.082616 0.084239 0.211544 -31.855052
  25 13.057482 2120.771412 -0.000090 -32.224198 0.080592 0.071442 0.217267 -31.854897
  26 13.153544 2070.795394 -0.000102 -32.214996 0.078693 0.059054 0.222627 -31.854621
  27 13.239561 2024.096243 -0.000111 -32.206058 0.076918 0.047350 0.227577 -31.854213
  28 13.315162 1980.836773 -0.000118 -32.197601 0.075275 0.036576 0.232071 -31.853679
  29 13.380032 1940.783062 -0.000124 -32.189819 0.073752 0.026930 0.236069 -31.853068
  30 13.434152 1903.891786 -0.000129 -32.182840 0.072351 0.018744 0.239536 -31.852209
  31 13.477314 2410.826272 -0.000133 -32.176664 0.091615 0.011922 0.242455 -31.830672
  32 13.509372 2373.291673 -0.000135 -32.171475 0.090188 0.006577 0.244799 -31.829911
  33 13.530227 2339.105399 -0.000137 -32.167346 0.088889 0.002783 0.246550 -31.829123
  34 13.539830 2308.143271 -0.000138 -32.164313 0.087713 0.000590 0.247694 -31.828317
  35 13.538174 2280.288748 -0.000138 -32.162397 0.086654 0.000018 0.248222 -31.827503
  36 13.525292 2255.269224 -0.000137 -32.161593 0.085703 0.001062 0.248131 -31.826697
  37 13.501254 2232.902516 -0.000136 -32.161881 0.084853 0.003698 0.247423 -31.825906
  38 13.466176 2213.039398 -0.000135 -32.163221 0.084099 0.007874 0.246106 -31.825142
  39 13.420233 2195.494145 -0.000132 -32.165552 0.083432 0.013508 0.244193 -31.824419
  40 13.363844 2179.922308 -0.000129 -32.168784 0.082840 0.020349 0.241702 -31.823893
  41 13.297304 2576.618830 -0.000125 -32.172648 0.097915 0.028334 0.238668 -31.807731
  42 13.220944 2565.558249 -0.000121 -32.177150 0.097495 0.037315 0.235121 -31.807220
  43 13.135144 2556.638034 -0.000116 -32.182146 0.097156 0.047110 0.231093 -31.806787
  44 13.040348 2549.436552 -0.000110 -32.187488 0.096882 0.057508 0.226623 -31.806474
  45 12.937065 2543.878296 -0.000103 -32.192964 0.096671 0.068267 0.221752 -31.806274
  46 12.825880 2539.819009 -0.000095 -32.198396 0.096517 0.079111 0.216525 -31.806244
  47 12.707503 2536.740717 -0.000084 -32.203491 0.096400 0.089677 0.210990 -31.806425
  48 12.582704 2534.643731 -0.000072 -32.207950 0.096320 0.099670 0.205202 -31.806758
  49 12.452361 2533.232345 -0.000057 -32.211515 0.096266 0.108724 0.199215 -31.807310
  50 12.317612 2532.317963 -0.000037 -32.213769 0.096232 0.116198 0.193088 -31.808251
  51 12.179553 2769.035168 -0.000015 -32.214243 0.105227 0.121978 0.186887 -31.800151
  52 12.039437 2773.762601 +0.000011 -32.212804 0.105407 0.125638 0.180673 -31.801086
  53 11.898620 2781.260108 +0.000041 -32.209220 0.105692 0.126899 0.174509 -31.802121
  54 11.758598 2792.431753 +0.000078 -32.203403 0.106116 0.125471 0.168457 -31.803359
  55 11.621050 2807.771648 +0.000120 -32.195130 0.106699 0.121075 0.162580 -31.804776
  56 11.487725 2828.515743 +0.000167 -32.184379 0.107488 0.113756 0.156941 -31.806195
  57 11.360579 2855.687072 +0.000219 -32.171285 0.108520 0.103454 0.151601 -31.807709
  58 11.241581 2890.260673 +0.000271 -32.155881 0.109834 0.090620 0.146623 -31.808804
  59 11.132519 2933.751790 +0.000319 -32.139106 0.111487 0.076120 0.142063 -31.809437
  60 11.033246 2988.584533 +0.000321 -32.122357 0.113570 0.063067 0.137969 -31.807751
  61 10.939518 3049.091536 +0.000230 -32.111689 0.115870 0.056220 0.134310 -31.805289
  62 10.849359 3116.037637 +0.000181 -32.107381 0.118414 0.052019 0.130917 -31.806032
  63 10.763677 3194.969724 +0.000206 -32.102882 0.121413 0.046982 0.127706 -31.806781
  64 10.683843 3287.634508 +0.000246 -32.097777 0.124935 0.040787 0.124704 -31.807351
  65 10.611339 3394.984575 +0.000291 -32.092280 0.129014 0.033641 0.121950 -31.807675
  66 10.547602 3518.080797 +0.000335 -32.086845 0.133692 0.025998 0.119484 -31.807671
  67 10.493964 3657.309345 +0.000375 -32.082096 0.138983 0.018412 0.117344 -31.807357
  68 10.451640 3812.175672 +0.000412 -32.078532 0.144868 0.011463 0.115563 -31.806638
  69 10.421589 3981.291663 +0.000440 -32.076861 0.151295 0.005779 0.114170 -31.805617
  70 10.404139 4162.496009 +0.000459 -32.077592 0.158181 0.001949 0.113188 -31.804274
  71 10.399648 3757.778186 +0.000467 -32.080562 0.142801 0.000129 0.112621 -31.825012
  72 10.408160 3941.676732 +0.000463 -32.086365 0.149789 0.000464 0.112475 -31.823637
  73 10.429409 4129.428475 +0.000448 -32.094913 0.156924 0.002889 0.112751 -31.822348
  74 10.462822 4317.360499 +0.000422 -32.105907 0.164066 0.007145 0.113443 -31.821253
  75 10.507562 4501.908012 +0.000386 -32.118853 0.171079 0.012809 0.114537 -31.820428
  76 10.562579 4679.920027 +0.000343 -32.133132 0.177843 0.019371 0.116013 -31.819905
  77 10.626721 4849.004628 +0.000300 -32.148115 0.184269 0.026328 0.117845 -31.819673
  78 10.698759 5007.410420 +0.000257 -32.163216 0.190289 0.033210 0.120005 -31.819713
  79 10.777475 5154.484721 +0.000216 -32.177922 0.195878 0.039653 0.122462 -31.819930
  80 10.861107 5289.948877 +0.000176 -32.191914 0.201025 0.044760 0.125185 -31.820945
  81 10.948725 4264.873597 +0.000145 -32.204102 0.162071 0.049130 0.128122 -31.864779
  82 11.039649 4377.047040 +0.000123 -32.215527 0.166334 0.052905 0.131247 -31.865041
  83 11.133473 4480.634686 +0.000112 -32.226302 0.170270 0.056335 0.134544 -31.865152
  84 11.230044 4573.675483 +0.000108 -32.236600 0.173806 0.059682 0.138004 -31.865107
  85 11.329209 4653.391156 +0.000102 -32.246594 0.176835 0.062930 0.141626 -31.865202
  86 11.430615 4718.272401 +0.000089 -32.256095 0.179301 0.065807 0.145411 -31.865575
  87 11.533677 4767.995850 +0.000071 -32.264751 0.181190 0.067975 0.149351 -31.866234
  88 11.637647 4803.030728 +0.000050 -32.272161 0.182522 0.069176 0.153428 -31.867035
  89 11.741672 4824.609839 +0.000024 -32.278102 0.183342 0.069251 0.157614 -31.867894
  90 11.844349 4834.398162 -0.000003 -32.282424 0.183714 0.067467 0.161879 -31.869365
  91 11.944752 3925.500190 -0.000029 -32.284787 0.149174 0.064512 0.166163 -31.904938
  92 12.042035 3927.082404 -0.000052 -32.285770 0.149235 0.060566 0.170424 -31.905546
  93 12.135411 3923.556043 -0.000073 -32.285571 0.149101 0.055797 0.174622 -31.906051
  94 12.224118 3916.417598 -0.000091 -32.284361 0.148829 0.050358 0.178716 -31.906457
  95 12.307479 3907.114344 -0.000108 -32.282341 0.148476 0.044470 0.182664 -31.906732
  96 12.384882 3896.863267 -0.000122 -32.279737 0.148086 0.038341 0.186426 -31.906883
  97 12.455788 3886.850901 -0.000133 -32.276774 0.147706 0.032175 0.189966 -31.906927
  98 12.519709 3877.970980 -0.000144 -32.273636 0.147368 0.026147 0.193247 -31.906873
  99 12.576204 3871.016205 -0.000153 -32.270489 0.147104 0.020426 0.196238 -31.906721
 100 12.624697 3866.528675 -0.000160 -32.267503 0.146933 0.015049 0.198906 -31.906614
 101 12.664886 3433.853457 -0.000165 -32.264786 0.130491 0.010336 0.201216 -31.922742
 102 12.696525 3437.901172 -0.000169 -32.262537 0.130645 0.006406 0.203144 -31.922342
 103 12.719422 3445.790136 -0.000172 -32.260863 0.130945 0.003355 0.204670 -31.921893
 104 12.733422 3457.869826 -0.000175 -32.259844 0.131404 0.001254 0.205779 -31.921406
 105 12.738419 3474.438294 -0.000176 -32.259549 0.132033 0.000160 0.206460 -31.920896
 106 12.734352 3495.909633 -0.000177 -32.260028 0.132849 0.000106 0.206703 -31.920370
 107 12.721205 3522.747098 -0.000177 -32.261314 0.133869 0.001106 0.206505 -31.919833
 108 12.699008 3555.304747 -0.000175 -32.263427 0.135106 0.003153 0.205866 -31.919301
 109 12.667839 3593.798067 -0.000173 -32.266369 0.136569 0.006217 0.204790 -31.918792
 110 12.627667 3638.748490 -0.000170 -32.270118 0.138277 0.010327 0.203286 -31.918227
 111 12.578652 3368.065967 -0.000166 -32.274617 0.127991 0.015375 0.201358 -31.929893
 112 12.520994 3423.776406 -0.000161 -32.279871 0.130108 0.021275 0.199023 -31.929465
 113 12.454945 3486.946014 -0.000154 -32.285822 0.132509 0.027918 0.196298 -31.929098
 114 12.380814 3558.424316 -0.000145 -32.292396 0.135225 0.035168 0.193208 -31.928795
 115 12.298973 3638.968399 -0.000134 -32.299501 0.138286 0.042864 0.189779 -31.928572
 116 12.209846 3729.399464 -0.000121 -32.307028 0.141722 0.050835 0.186040 -31.928430
 117 12.113909 3830.817158 -0.000104 -32.314874 0.145576 0.058901 0.182025 -31.928372
 118 12.011718 3944.038624 -0.000084 -32.322912 0.149879 0.066830 0.177768 -31.928436
 119 11.903859 4070.539871 -0.000062 -32.330995 0.154686 0.074449 0.173307 -31.928553
 120 11.790697 4211.962763 -0.000036 -32.339049 0.160060 0.081951 0.168680 -31.928358
 121 11.673026 3746.808064 -0.000002 -32.346677 0.142384 0.088610 0.163915 -31.951769
 122 11.551692 3904.873678 +0.000039 -32.353874 0.148391 0.094214 0.159056 -31.952213
 123 11.427667 4081.889431 +0.000085 -32.360528 0.155117 0.098439 0.154148 -31.952824
 124 11.302020 4279.941907 +0.000137 -32.366431 0.162644 0.101030 0.149236 -31.953521
 125 11.175989 4500.508124 +0.000200 -32.371430 0.171026 0.101648 0.144367 -31.954390
 126 11.050978 4744.941597 +0.000273 -32.375274 0.180314 0.100011 0.139591 -31.955357
 127 10.928536 5013.849616 +0.000351 -32.377850 0.190533 0.095941 0.134959 -31.956416
 128 10.810348 5307.308088 +0.000435 -32.379058 0.201685 0.089391 0.130523 -31.957459
 129 10.698380 5623.658494 +0.000534 -32.378859 0.213707 0.080230 0.126334 -31.958589
 130 10.593884 5960.256443 +0.000634 -32.377236 0.226498 0.069878 0.122449 -31.958411
 131 10.498896 4775.020232 +0.000728 -32.373420 0.181457 0.057741 0.118896 -32.015326
 132 10.415531 5083.412190 +0.000823 -32.369054 0.193177 0.044475 0.115726 -32.015676
 133 10.345865 5398.828116 +0.000911 -32.364746 0.205163 0.031059 0.112991 -32.015533
 134 10.291677 5714.128754 +0.000978 -32.361466 0.217145 0.018791 0.110739 -32.014792
 135 10.254459 6020.427426 +0.001022 -32.360194 0.228785 0.008865 0.109008 -32.013537
 136 10.235321 6307.668061 +0.001040 -32.361731 0.239700 0.002344 0.107830 -32.011858
 137 10.234922 6565.555444 +0.001028 -32.366656 0.249500 0.000001 0.107227 -32.009928
 138 10.253386 6784.794058 +0.000985 -32.375201 0.257832 0.002182 0.107215 -32.007974
 139 10.290305 6957.990199 +0.000914 -32.387172 0.264413 0.008723 0.107796 -32.006241
 140 10.343575 7080.484468 +0.000817 -32.401943 0.269068 0.018160 0.108964 -32.005750
 141 10.411800 5115.303883 +0.000706 -32.417442 0.194389 0.029788 0.110665 -32.082601
 142 10.493231 5155.572185 +0.000580 -32.433760 0.195919 0.042435 0.112870 -32.082537
 143 10.585931 5162.387589 +0.000453 -32.449723 0.196178 0.054993 0.115539 -32.083013
 144 10.687944 5138.796339 +0.000337 -32.464384 0.195281 0.066597 0.118628 -32.083877
 145 10.797199 5088.451485 +0.000226 -32.476978 0.193368 0.076389 0.122091 -32.085130
 146 10.911525 5015.986933 +0.000118 -32.486798 0.190614 0.083643 0.125873 -32.086667
 147 11.028875 4926.493588 +0.000020 -32.493489 0.187214 0.088128 0.129914 -32.088233
 148 11.147393 4824.188645 -0.000064 -32.497104 0.183326 0.089891 0.134151 -32.089737
 149 11.265371 4712.225512 -0.000133 -32.497801 0.179071 0.089074 0.138522 -32.091133
 150 11.380831 4594.348724 -0.000189 -32.495844 0.174592 0.085311 0.142967 -32.092974
 151 11.492423 3696.783376 -0.000234 -32.491764 0.140483 0.079692 0.147408 -32.124180
 152 11.598955 3596.748650 -0.000271 -32.485951 0.136681 0.072629 0.151787 -32.124853
 153 11.699388 3498.718323 -0.000300 -32.478846 0.132956 0.064551 0.156047 -32.125292
 154 11.792813 3403.800112 -0.000323 -32.470870 0.129349 0.055856 0.160136 -32.125529
 155 11.878472 3312.577137 -0.000340 -32.462397 0.125883 0.046957 0.164003 -32.125554
 156 11.955748 3225.279872 -0.000354 -32.453783 0.122565 0.038214 0.167603 -32.125401
 157 12.024143 3142.515480 -0.000363 -32.445347 0.119420 0.029937 0.170895 -32.125095
 158 12.083261 3064.525662 -0.000369 -32.437336 0.116456 0.022366 0.173845 -32.124669
 159 12.132789 2991.457671 -0.000373 -32.429958 0.113680 0.015698 0.176422 -32.124159
 160 12.172470 2923.204855 -0.000377 -32.423346 0.111086 0.010077 0.178600 -32.123583
 161 12.202119 2859.676153 -0.000380 -32.417614 0.108672 0.005626 0.180358 -32.122959
 162 12.221615 2800.721559 -0.000383 -32.412843 0.106431 0.002432 0.181679 -32.122300
 163 12.230912 2746.211468 -0.000385 -32.409088 0.104360 0.000553 0.182552 -32.121623
 164 12.230033 2696.111504 -0.000386 -32.406375 0.102456 0.000005 0.182969 -32.120946
 165 12.219063 2650.328955 -0.000387 -32.404699 0.100716 0.000770 0.182929 -32.120284
 166 12.198148 2608.784098 -0.000388 -32.404023 0.099137 0.002799 0.182437 -32.119649
 167 12.167495 2571.509979 -0.000390 -32.404294 0.097721 0.006013 0.181502 -32.119058
 168 12.127369 2538.583689 -0.000391 -32.405429 0.096470 0.010304 0.180137 -32.118518
 169 12.078112 2510.129459 -0.000392 -32.407326 0.095388 0.015527 0.178361 -32.118050
 170 12.020265 2486.325151 -0.000392 -32.409849 0.094484 0.021415 0.176196 -32.117754
 171 11.954314 2724.400718 -0.000391 -32.412739 0.103531 0.027835 0.173677 -32.107697
 172 11.880817 2711.408598 -0.000389 -32.415920 0.103037 0.034569 0.170834 -32.107481
 173 11.800437 2705.175417 -0.000387 -32.419197 0.102800 0.041347 0.167702 -32.107347
 174 11.713971 2706.884598 -0.000385 -32.422337 0.102865 0.047845 0.164321 -32.107306
 175 11.622344 2718.238049 -0.000383 -32.425090 0.103297 0.053727 0.160736 -32.107330
 176 11.526615 2741.313102 -0.000378 -32.427236 0.104174 0.058645 0.156993 -32.107423
 177 11.427849 2779.567106 -0.000373 -32.428670 0.105627 0.062426 0.153146 -32.107471
 178 11.327115 2837.498648 -0.000372 -32.429539 0.107829 0.064938 0.149243 -32.107530
 179 11.225670 2919.790494 -0.000371 -32.429932 0.110956 0.065858 0.145331 -32.107788
 180 11.124952 3031.220899 -0.000367 -32.429851 0.115191 0.064918 0.141461 -32.108282
 181 11.026369 3176.542366 -0.000365 -32.429488 0.120713 0.062194 0.137687 -32.108893
 182 10.931251 3359.539970 -0.000365 -32.429225 0.127667 0.057900 0.134060 -32.109599
 183 10.841054 3581.094144 -0.000360 -32.429237 0.136087 0.052063 0.130620 -32.110468
 184 10.757354 3839.728857 -0.000348 -32.429408 0.145915 0.044833 0.127413 -32.111246
 185 10.681711 4132.220806 -0.000332 -32.429733 0.157030 0.036617 0.124485 -32.111602
 186 10.615561 4454.264534 -0.000314 -32.430611 0.169268 0.028003 0.121877 -32.111462
 187 10.560213 4799.971145 -0.000292 -32.432595 0.182406 0.019605 0.119627 -32.110958
 188 10.516802 5161.586877 -0.000269 -32.436149 0.196147 0.012060 0.117765 -32.110176
 189 10.486177 5530.421425 -0.000252 -32.441671 0.210164 0.006002 0.116319 -32.109187
 190 10.468039 5896.645383 -0.000240 -32.449396 0.224081 0.002105 0.115306 -32.107904
 191 10.462602 4758.684801 -0.000233 -32.457596 0.180837 0.000189 0.114709 -32.161862
 192 10.469754 5058.387376 -0.000233 -32.467965 0.192226 0.000327 0.114530 -32.160882
 193 10.489071 5339.305173 -0.000236 -32.480147 0.202901 0.002388 0.114765 -32.160093
 194 10.519829 5594.531412 -0.000244 -32.493631 0.212600 0.006055 0.115401 -32.159575
 195 10.561056 5818.562032 -0.000255 -32.507781 0.221113 0.010877 0.116420 -32.159372
 196 10.611537 6007.722755 -0.000269 -32.521912 0.228302 0.016308 0.117794 -32.159509
 197 10.669887 6160.685649 -0.000284 -32.535357 0.234115 0.021789 0.119491 -32.159962
 198 10.734640 6277.552867 -0.000298 -32.547513 0.238556 0.026833 0.121473 -32.160652
 199 10.804370 6360.595693 -0.000310 -32.557997 0.241711 0.031116 0.123698 -32.161472
 200 10.876716 6412.558301 -0.000320 -32.566580 0.243686 0.033495 0.126124 -32.163274
 201 10.950267 4740.601134 -0.000330 -32.572434 0.180149 0.034619 0.128675 -32.228990
 202 11.023682 4756.854699 -0.000338 -32.576395 0.180767 0.034493 0.131303 -32.229832
 203 11.095746 4758.030322 -0.000348 -32.578583 0.180812 0.033234 0.133962 -32.230576
 204 11.165398 4747.113533 -0.000355 -32.579232 0.180397 0.031046 0.136606 -32.231183
 205 11.231664 4726.520730 -0.000360 -32.578592 0.179614 0.028102 0.139195 -32.231682
 206 11.293634 4698.270116 -0.000361 -32.576882 0.178541 0.024576 0.141688 -32.232077
 207 11.350469 4664.141423 -0.000361 -32.574319 0.177244 0.020672 0.144046 -32.232357
 208 11.401474 4626.209326 -0.000361 -32.571167 0.175802 0.016648 0.146232 -32.232484
 209 11.446084 4586.060634 -0.000361 -32.567713 0.174277 0.012736 0.148212 -32.232488
 210 11.483440 4545.073178 -0.000361 -32.564188 0.172719 0.008930 0.149958 -32.232581
 211 11.513190 3738.492574 -0.000360 -32.560856 0.142068 0.005664 0.151431 -32.261693
 212 11.535057 3705.282647 -0.000358 -32.557876 0.140806 0.003060 0.152611 -32.261399
 213 11.548846 3673.379063 -0.000355 -32.555346 0.139593 0.001217 0.153483 -32.261053
 214 11.554439 3643.067737 -0.000352 -32.553362 0.138442 0.000200 0.154034 -32.260686
 215 11.551796 3614.595065 -0.000348 -32.551972 0.137360 0.000045 0.154258 -32.260310
 216 11.540958 3587.927942 -0.000343 -32.551198 0.136346 0.000752 0.154152 -32.259948
 217 11.522050 3563.176940 -0.000337 -32.551020 0.135406 0.002288 0.153718 -32.259608
 218 11.495284 3540.110485 -0.000331 -32.551398 0.134529 0.004585 0.152964 -32.259320
 219 11.460958 3518.689043 -0.000324 -32.552251 0.133715 0.007541 0.151900 -32.259095
 220 11.419325 3498.639429 -0.000315 -32.553467 0.132953 0.011092 0.150544 -32.258878
 221 11.370842 3230.352954 -0.000305 -32.554993 0.122758 0.015043 0.148909 -32.268283
 222 11.316044 3212.295557 -0.000293 -32.556620 0.122072 0.019217 0.147020 -32.268311
 223 11.255542 3194.893085 -0.000280 -32.558186 0.121410 0.023425 0.144905 -32.268446
 224 11.190063 3177.499110 -0.000264 -32.559496 0.120749 0.027438 0.142593 -32.268714
 225 11.120458 3159.344727 -0.000245 -32.560308 0.120059 0.031004 0.140119 -32.269125
 226 11.047664 3140.078895 -0.000223 -32.560398 0.119327 0.033911 0.137521 -32.269640
 227 10.972692 3119.669803 -0.000200 -32.559607 0.118552 0.035971 0.134838 -32.270247
 228 10.896648 3097.952216 -0.000174 -32.557782 0.117726 0.037006 0.132111 -32.270938
 229 10.820785 3074.396431 -0.000145 -32.554768 0.116831 0.036830 0.129383 -32.271723
 230 10.746459 3048.775180 -0.000112 -32.550438 0.115858 0.035354 0.126700 -32.272527
 231 10.675006 3021.092669 -0.000078 -32.544826 0.114806 0.032673 0.124107 -32.273240
 232 10.607736 2991.649000 -0.000043 -32.538145 0.113687 0.028960 0.121648 -32.273851
 233 10.545984 2960.577210 -0.000007 -32.530603 0.112506 0.024403 0.119363 -32.274331
 234 10.491090 2927.598439 +0.000028 -32.522461 0.111253 0.019284 0.117290 -32.274635
 235 10.444304 2893.202673 +0.000061 -32.514113 0.109946 0.014008 0.115468 -32.274691
 236 10.406669 2858.091063 +0.000091 -32.506067 0.108611 0.009064 0.113930 -32.274461
 237 10.379017 2823.013908 +0.000116 -32.498858 0.107278 0.004893 0.112703 -32.273983
 238 10.361976 2788.364067 +0.000137 -32.492928 0.105962 0.001858 0.111807 -32.273301
 239 10.355946 2754.249327 +0.000151 -32.488626 0.104665 0.000233 0.111257 -32.272471
 240 10.361162 2720.639198 +0.000159 -32.486184 0.103388 0.000174 0.111063 -32.271559
 241 10.377513 2825.870601 +0.000158 -32.485661 0.107387 0.001711 0.111231 -32.265332
 242 10.404608 2790.965040 +0.000149 -32.487014 0.106061 0.004698 0.111758 -32.264497
 243 10.441772 2755.100352 +0.000134 -32.490004 0.104698 0.008839 0.112636 -32.263832
 244 10.488085 2717.807611 +0.000112 -32.494237 0.103280 0.013726 0.113847 -32.263383
 245 10.542440 2678.662856 +0.000088 -32.499247 0.101793 0.018907 0.115369 -32.263178
 246 10.603670 2637.832050 +0.000062 -32.504560 0.100241 0.023993 0.117172 -32.263154
 247 10.670599 2595.778477 +0.000036 -32.509824 0.098643 0.028667 0.119225 -32.263289
 248 10.741990 2552.470865 +0.000006 -32.514686 0.096997 0.032616 0.121497 -32.263576
 249 10.816470 2507.531455 -0.000025 -32.518798 0.095290 0.035500 0.123952 -32.264056
 250 10.892801 2461.293714 -0.000055 -32.521830 0.093533 0.037286 0.126548 -32.264463
 251 10.969688 2679.230909 -0.000081 -32.523661 0.101814 0.037832 0.129246 -32.254768
 252 11.045945 2627.803964 -0.000109 -32.524344 0.099860 0.037214 0.132003 -32.255267
 253 11.120425 2576.676808 -0.000135 -32.523968 0.097917 0.035499 0.134775 -32.255776
 254 11.192046 2526.213923 -0.000157 -32.522476 0.096000 0.032827 0.137519 -32.256130
 255 11.259847 2476.969296 -0.000175 -32.520147 0.094128 0.029418 0.140194 -32.256407
